477
3 52455
4 57566
3 96119
2 58572
1 92471 10537
1 26189 61988
3 66139
1 98296 67229
3 55727
3 43378
3 87440
3 55686
3 11655
2 88434
2 83994
2 63480
4 95221
1 68969 42633
4 20338
2 65566
4 42869
4 46882
3 92703
1 6144 74721
2 27244
4 67606
3 70232
1 96524 57475
3 55292
1 74586 40592
4 90009
4 55783
1 56934 54108
4 84946
4 396
1 57419 80853
2 3530
3 95648
4 44930
4 86382
3 77255
4 17949
3 54729
4 67438
2 14206
2 7267
3 87780
1 88449 90317
3 17881
2 74579
4 25446
4 73575
1 36082 4124
1 30555 5696
1 11638 95193
4 84729
4 12189
2 6675
3 12772
1 53843 67324
1 64757 85470
3 79418
3 31066
3 40512
1 86251 32400
3 82298
1 52094 13575
4 60297
3 9934
2 85886
3 52667
2 59936
3 22704
3 84142
2 40585
1 32611 36103
2 19737
2 54567
4 15888
4 83232
1 42577 68955
2 77571
1 72252 47622
3 6853
4 48630
4 67596
3 48946
4 68902
2 10974
1 13850 56358
1 11517 47638
2 7016
2 19147
4 71845
4 70675
3 35053
1 15999 40420
4 43670
1 48241 13839
1 98379 9143
2 30967
4 66157
2 73398
2 66407
1 40775 1422
3 17949
3 83053
4 81863
4 26390
4 11756
2 67298
4 82614
1 53611 13646
3 19106
4 43342
3 61197
4 48546
3 89928
1 36076 90686
2 89526
2 56722
4 24341
4 38359
4 38803
4 40853
3 19862
2 92225
1 94888 14067
1 76389 30855
4 79966
3 19245
1 34109 71001
1 50026 35338
1 74566 59101
1 77601 16685
1 72320 15465
2 98453
2 78588
1 87507 27615
3 5910
1 38629 62307
4 82317
4 92025
3 31478
3 82144
2 71044
3 94529
1 56130 74142
3 23240
1 9900 80346
1 68564 89115
2 4000
4 34713
1 66051 87470
1 38720 35107
2 68951
1 73279 78061
1 86741 7276
4 52838
2 18870
2 32495
3 59440
2 73867
2 5851
3 42831
1 90808 82229
4 3218
3 60669
4 89772
3 37588
4 89612
2 45800
1 82089 19324
3 17474
2 20508
3 24759
1 56004 21821
4 5436
3 86847
1 11542 54697
3 64749
4 16523
3 27899
4 4684
1 93068 24057
4 82671
4 48762
2 98517
1 15323 74803
2 95003
3 29135
2 16530
2 33601
1 57351 42228
3 4892
2 62232
3 5378
4 24314
2 56556
1 88948 71551
3 68728
2 61533
1 44007 97066
3 71105
1 52100 73023
1 46251 8928
4 8726
3 45876
2 69234
2 72454
4 74594
2 64292
1 38028 156
3 71522
3 22990
2 50048
3 869
1 54129 34482
1 32292 21719
3 82576
3 64
1 89983 76919
4 71773
4 17495
3 34597
4 69609
2 23272
4 25870
2 20501
3 36815
3 96672
3 3718
1 14422 18015
3 82913
3 2741
3 75842
4 82298
2 34887
2 46336
3 82210
1 7323 32661
1 51631 17583
3 46015
1 71159 57525
1 53222 73634
3 26237
3 96874
2 51464
2 23963
2 71646
3 21929
2 47178
4 2958
2 69327
1 17241 51083
3 93512
2 32407
3 27945
2 9883
4 95556
4 52106
4 69767
4 32363
3 62689
4 73315
1 98115 42397
4 52470
3 20769
3 75018
2 13603
1 56766 8130
2 57655
3 39756
3 98942
3 39607
4 99230
3 94843
4 26439
3 88826
1 79274 79817
3 80386
2 30813
3 58615
2 6383
2 26109
2 87216
3 23608
4 92404
3 37726
3 53711
3 30842
2 55295
3 49237
4 13443
3 44534
1 5169 20995
4 4
4 94638
2 52682
1 13053 7845
3 47171
2 83634
1 47826 32977
4 39498
2 61371
3 19197
4 76430
2 10047
2 17213
4 28911
4 87932
3 34039
2 99930
4 97875
3 14886
2 61675
3 42182
2 47343
4 81572
4 31165
4 13652
4 70391
1 76765 82586
3 28853
4 98987
2 38477
3 77133
4 785
3 6742
4 74364
1 3662 79242
4 67533
3 45192
1 30190 66705
2 47267
2 89513
1 23432 1400
1 39700 20379
1 50195 46114
3 93442
4 53208
4 44752
3 51216
1 16132 3055
2 52228
4 8145
3 70998
1 73226 87476
1 385 35391
4 74584
4 8493
2 95846
1 99700 56116
2 34715
4 10190
1 2604 84963
2 39514
1 62479 66631
3 8325
2 86930
4 77735
2 87015
2 12213
3 19167
3 78631
4 4266
2 15627
1 37588 80451
4 45699
1 20671 79729
1 96690 47401
2 17743
2 72800
2 58478
3 61955
2 82758
3 95849
3 84290
3 22251
3 30593
3 4892
1 60388 28889
3 85008
3 36238
2 70841
2 84890
2 28881
3 20667
4 86876
4 6139
2 95667
3 35699
3 60168
4 39112
4 10617
2 91598
1 5600 8228
3 33812
4 31159
4 50842
3 72496
2 79396
1 63261 96610
2 3752
1 2455 60657
2 28162
1 61957 44734
2 76761
3 90276
2 37092
4 18320
2 91956
1 20855 6049
4 49849
1 50599 4917
3 19382
3 99501
1 20538 8897
1 12585 15660
4 15773
1 33571 28180
1 27007 19904
1 96015 16582
1 66421 54999
2 84677
2 11506
3 74477
1 42396 25917
4 59002
4 44995
3 42819
4 16204
4 36762
2 7605
1 84892 32930
3 8815
4 52660
3 13144
2 61675
4 77247
4 50191
1 82764 91543
3 22258
2 65253
4 64111
2 75365
3 2624
2 58621
3 42824
3 98666
3 36366
2 18166
3 43102
2 31389
4 26435
2 78524
2 52182
1 36060 4467
1 67236 66617
1 13403 3020
3 60811
4 36921
3 24873
1 79415 61561
1 91326 33929
4 12613
3 75743
3 47975
2 30391
2 72400
1 33070 77858
4 76787
2 26379
3 92652
3 21217
4 71155
2 33241
