836
2 56911
4 34586
1 20700 86502
2 88262
2 53239
3 19087
2 92651
1 21368 52933
4 5330
3 65111
4 61204
1 41234 63631
3 55683
4 10693
2 58840
2 63347
4 61006
2 75146
3 73031
3 34033
1 18762 92238
2 63671
2 26557
3 93805
4 24264
2 82341
4 36192
4 36258
1 87294 73055
2 32316
2 54279
4 41365
4 47555
1 48657 15106
4 63012
2 10918
1 98547 96206
2 19057
3 45163
2 90911
3 29500
1 35506 63367
1 43591 23888
4 78583
2 90371
1 38886 99653
3 35474
2 49507
2 77425
3 55508
2 20214
1 40036 9817
1 2839 65293
3 41755
3 85557
4 85938
3 81446
2 61486
2 65618
1 94918 53912
2 99829
3 81549
3 67416
4 12592
4 47070
4 58573
2 85555
2 26070
4 55908
3 80901
2 3693
2 91037
3 79678
4 48596
2 70879
2 31034
2 61579
1 80180 62022
3 85513
2 4102
4 60467
2 10805
3 19265
3 7204
3 94323
2 82627
3 63957
1 73618 81326
3 26905
3 45333
3 29052
1 11027 39640
2 70346
4 2270
1 78756 21064
2 32952
3 58159
2 30165
2 64623
3 84674
1 89852 59869
2 80204
2 18698
4 49923
2 2995
4 21745
2 42492
4 89876
2 15288
4 44402
2 23213
4 87248
3 72163
3 44526
2 63696
3 21385
4 26483
1 78311 92145
3 15268
2 66251
1 72227 68697
1 89731 58493
3 41245
1 83709 72399
2 95641
1 11341 87688
1 22403 44001
4 65730
1 19499 80698
3 78120
2 5100
1 72355 8136
2 96209
2 18929
2 82370
3 52006
2 64044
2 69222
2 43118
1 51529 49003
1 61614 20524
4 16958
3 41195
4 7846
2 54507
4 76985
3 78361
4 45917
2 8179
4 97552
3 81493
3 87802
4 46038
1 72906 52303
3 45250
4 10764
4 42938
3 50289
1 35358 808
2 34377
1 80826 3987
4 82508
3 66081
2 42694
2 33026
2 80353
3 53028
3 67585
4 86113
2 82778
2 75163
3 72083
4 38560
1 34936 46029
1 67060 70687
1 86781 12014
3 69825
3 17470
4 11252
1 35840 70349
4 89305
1 4587 8405
1 4213 68981
1 55309 73318
3 54520
4 28696
3 34324
3 9242
1 8833 21433
4 63698
4 89310
3 94313
3 89533
3 69102
2 35151
2 34985
1 95413 69217
3 50434
3 72515
2 73674
1 81571 72058
2 9639
3 56039
1 82557 76020
1 51793 71891
1 98578 46753
4 90463
3 96134
4 13387
3 82814
2 92497
1 40766 14551
2 85496
1 17533 93529
2 57353
1 25486 92407
4 30405
1 38144 18973
2 97913
3 11781
4 81143
3 13844
3 75761
4 4857
1 87561 7252
1 57152 51120
3 48393
2 39690
4 42829
4 28185
4 44136
1 27844 68630
4 92295
2 95293
2 91746
2 74040
1 16552 5466
1 90921 70146
2 1851
4 11571
2 21389
4 29708
3 56695
2 85812
4 6517
3 23985
2 56476
4 66506
1 44512 74892
1 2829 8006
1 77029 89777
1 24638 96842
2 11735
1 7748 97535
4 78930
1 31305 17455
4 68775
3 25268
1 77882 83858
2 66622
4 31974
3 36363
1 74100 89458
3 18673
4 72786
3 29322
4 56434
3 8767
1 27930 85784
4 71387
1 6230 12112
3 4962
1 97364 45889
4 51593
1 86814 16928
4 55983
3 16383
4 63485
2 50084
4 78091
2 65081
2 83714
3 63375
3 54208
2 95990
2 40411
1 83599 89508
3 72833
1 73402 74584
3 28030
4 7251
2 63818
1 65721 37582
3 78957
3 36828
3 89097
2 58836
1 43970 61156
3 43034
2 73582
4 81210
3 6190
1 97429 43790
4 60852
3 60896
3 95882
1 35505 30141
3 92912
3 9429
2 44327
2 38458
4 87594
4 38676
1 61644 16786
1 47122 16513
2 9844
4 29417
4 89858
4 99871
3 70182
2 54107
3 90559
2 98958
3 67788
1 5641 97043
2 49516
1 14998 55342
1 18718 900
4 9785
1 2578 62816
3 93822
2 13916
3 94526
4 48215
3 43756
4 74215
2 43998
1 73640 99656
3 1849
3 43528
4 5295
2 16623
3 87231
3 48195
3 39349
3 70667
3 1268
4 45317
2 48560
3 34654
1 33186 32118
1 46862 94630
4 2657
4 44959
2 22357
1 37560 7639
3 11630
3 957
4 74244
1 5341 65435
1 21134 85829
2 12044
2 84258
2 52952
2 78128
1 48651 64629
3 43197
4 25036
2 17158
1 16415 22736
2 28410
2 62775
2 1625
2 72703
3 46957
3 58020
3 70785
1 59319 67116
2 97978
3 66485
3 52052
2 18300
4 6442
2 23010
2 73109
1 78882 59964
4 10663
4 24577
2 95624
1 74551 23777
4 36369
1 85182 45998
1 47704 48327
2 77995
3 41808
3 63690
1 41563 54141
3 56624
1 84106 77529
3 65028
3 63548
4 3391
3 33112
2 62199
2 244
1 74153 26665
1 64256 14916
1 33910 53067
1 47738 41289
2 83997
2 28924
1 58978 29997
3 72318
1 17558 76933
4 7810
3 52997
1 20209 90814
3 23471
2 63040
4 99865
3 59194
4 61314
2 32535
2 5467
4 92482
1 27518 1861
3 47421
4 86782
4 80437
3 65259
1 42639 39927
4 36122
3 83843
2 56974
1 57453 75255
3 6345
4 32489
1 87695 39616
4 92955
1 58469 61224
3 79188
4 38821
4 83653
4 32599
2 82595
4 48321
2 8264
1 13773 47216
3 18217
4 31475
1 8788 34081
2 88547
2 86693
3 71128
1 7539 40781
1 17689 62547
1 93451 14236
2 16524
2 78812
3 20191
2 10703
2 65864
4 86169
2 68941
1 62617 54753
3 28204
1 24846 83719
2 66524
2 73685
3 72980
4 10484
4 16155
1 80603 41507
3 84739
1 41326 66938
2 60342
3 13498
3 77877
4 68225
3 20251
2 89513
4 82418
2 72988
2 34767
4 62132
4 59650
3 98481
3 92049
2 93174
1 14234 82524
1 40872 43041
3 35377
1 31023 27591
3 31136
1 46648 56856
1 89767 21079
3 5432
4 33494
1 20931 12280
4 88184
3 61371
2 46928
1 18196 75516
3 32273
2 74331
1 94282 5866
2 87487
3 41106
4 99596
2 14351
4 68911
3 29476
3 85050
2 83709
3 54022
4 14333
1 35858 10851
1 19395 49303
2 90053
3 38883
2 1202
1 21111 93973
1 18124 14214
3 42141
1 4405 17714
2 20385
1 51253 46858
2 69463
2 32265
4 46273
2 26902
3 83686
2 26279
3 10844
1 45497 74909
1 55141 97033
3 2860
3 52424
3 75037
1 97107 63959
2 27161
2 57230
2 71736
2 31869
2 24290
2 38881
3 57854
4 16542
2 25046
4 6782
1 64028 94238
2 56063
3 54908
4 21766
1 41979 93800
1 13382 91232
2 70944
4 98185
2 8520
1 92899 31246
1 81541 81662
1 33410 37579
4 31067
2 21869
3 64244
1 69157 8568
4 25365
3 94322
1 70161 62840
4 26047
2 78764
4 4779
1 90854 50763
2 82676
1 26843 11032
3 93983
1 70915 10374
1 30493 95298
1 85814 57268
2 67308
4 49566
1 76638 84814
2 69739
4 45338
3 52606
2 25476
2 51124
2 43827
4 41389
2 6283
3 92322
2 59595
3 13974
1 71968 97063
4 85362
3 91982
1 95656 82821
3 92192
1 77844 94218
4 85239
4 77014
3 89673
2 39715
4 51689
2 37481
2 85728
2 15068
3 90889
2 36640
3 21335
3 67416
3 35571
3 53386
1 13402 85879
4 8839
3 42158
3 18428
3 23943
1 48234 98788
3 66528
4 54396
1 51223 81806
4 4428
1 14253 25344
1 48878 66542
2 71213
4 23500
3 52425
4 41141
3 46228
1 23903 32752
3 61130
3 90007
4 84526
1 4085 4028
2 51499
3 31944
2 66638
3 26626
2 74962
3 22897
4 54372
1 51640 68381
4 4592
4 86546
2 33914
3 39764
4 35382
4 57236
1 18529 77937
3 13314
2 81812
4 14752
4 16258
1 31982 93811
4 66688
2 59426
2 83179
1 31840 68407
2 12642
2 8080
3 32002
2 89660
3 67351
1 21593 11
1 30117 39702
4 75098
1 78748 99703
3 37206
2 73883
1 58384 24836
2 99289
3 33292
1 52880 92284
1 5589 53575
2 55762
2 59246
4 23827
3 70831
2 65609
2 79847
3 31429
2 12418
4 73809
2 54135
3 26329
3 19245
3 97193
1 66003 62752
2 52103
1 17648 51846
2 79704
3 62099
2 90521
4 58653
3 47024
1 58136 74880
1 89939 18700
1 8971 73577
1 49694 4938
1 22364 58207
3 54698
3 26700
4 59194
1 67980 53311
4 67191
2 31650
4 59106
4 17976
3 31230
1 75241 45380
1 59921 31329
3 43298
2 27093
1 97075 74268
1 79504 3903
2 47373
3 26506
1 22304 48028
3 48947
3 59049
1 21635 73821
1 23571 679
3 59942
2 49945
3 46399
1 89225 4505
3 37863
1 98750 18362
4 46917
3 26067
2 74848
4 79931
2 19107
4 93619
3 18807
1 76905 92517
4 24793
3 48582
1 63883 15828
2 34686
1 38490 49834
2 49162
4 77453
3 14064
3 74814
1 55437 2418
2 63759
4 69597
2 5415
1 75302 40885
4 83489
1 78390 65170
2 11177
1 18828 43684
2 41011
3 34272
1 6511 86832
4 98224
1 56414 67365
4 64751
4 61514
4 14716
2 36651
2 24290
2 53293
4 74894
4 49441
4 50016
3 85063
1 9668 69733
2 18645
2 94976
3 97762
2 64655
1 37687 43230
1 50023 48105
3 41751
2 27731
2 413
4 21014
4 32374
1 73684 43328
2 7251
3 41206
3 40355
2 40008
3 8735
3 93969
4 69375
1 58417 63609
1 45743 79729
2 7567
1 30954 26511
1 88954 85282
1 47601 99039
1 70570 80620
4 85041
2 21394
4 46987
3 81361
3 57961
2 72097
2 69214
4 743
4 87740
3 68422
2 27901
2 59252
1 42534 11657
2 38433
4 37561
3 33925
2 39489
4 97854
4 24909
2 14626
3 43654
4 92646
1 9697 13654
1 69496 23707
4 69678
3 27335
2 34088
4 48344
4 81906
4 39334
3 88573
4 45610
3 47574
3 68936
2 18520
1 45333 30243
4 71984
4 30619
2 58145
