227
4 17948
4 8014
2 99782
1 82508 24050
3 34116
4 55694
3 47009
2 34360
4 44107
2 55051
1 90344 51529
2 13335
1 84853 20799
2 69198
1 58317 83030
1 77638 52875
4 98085
2 17462
3 3306
4 10235
4 77838
2 29505
2 29794
3 13729
3 81566
3 92330
2 38744
3 39297
4 47005
4 17809
2 98944
4 40727
2 89826
2 97538
2 40966
4 84291
2 16636
3 81569
3 16791
1 21440 79913
4 30789
1 84939 42374
2 76336
4 18438
1 6013 60750
1 96764 18850
2 25813
2 25233
3 39132
3 75534
1 11504 20970
4 81959
1 45540 28720
4 68390
4 62604
1 48524 12591
1 91831 92680
4 84741
3 58756
2 29223
1 75387 59634
3 99954
1 58691 92151
2 23045
3 71697
3 63020
1 29366 72630
4 40521
3 77520
1 38533 61409
1 43027 19272
2 81087
3 5814
1 77739 34735
4 67744
3 89098
3 92210
1 58431 87309
3 11176
1 80545 49715
1 64020 59828
4 60724
2 3530
2 88324
3 61927
1 61643 5170
3 33230
4 511
4 44090
1 35487 32528
3 34599
1 58032 77401
4 13997
2 3115
4 89045
4 75687
1 79294 84751
3 87226
3 51882
4 29628
2 37936
2 6265
1 55302 30705
3 63431
2 30609
2 97907
1 34541 59331
2 4557
3 69992
2 5439
3 93491
4 79240
2 56072
4 28310
3 96918
3 45507
4 91472
2 40236
3 29775
1 47476 2811
1 12107 50871
3 89737
4 12198
3 74429
4 78662
4 42462
2 397
3 16318
3 39195
3 50555
2 35423
4 8503
2 84430
2 1960
3 58226
4 17793
2 31679
1 79879 75205
4 90915
1 38677 73801
1 62450 55555
3 37443
1 56874 2015
4 13786
1 48126 86489
4 73743
1 59219 87755
4 46843
3 96211
3 33945
2 21297
4 94465
4 54829
4 47889
4 5916
1 62529 8655
4 52110
4 405
1 2586 50732
1 77884 26084
3 71872
4 53119
1 84433 45730
4 71643
3 11183
3 39568
3 78922
3 18437
4 72753
1 19168 67961
1 87941 84250
4 41283
2 4511
3 76214
3 35259
2 26879
4 35751
2 97815
1 36477 59855
4 27330
1 35850 89328
4 78145
4 54091
2 5804
1 69831 70866
4 40253
3 67948
3 55022
4 62748
3 94454
2 29104
3 86286
3 93183
1 94345 22563
4 38090
1 74128 68418
3 72952
4 58212
4 93773
3 89906
1 48026 19779
4 88729
4 12809
4 61444
2 9917
2 14141
3 60753
1 26205 45217
2 2663
2 51668
3 35287
4 60616
2 75180
2 32046
1 85491 10049
4 34615
4 32497
1 84858 58407
4 28947
1 86091 7458
4 69815
2 99613
4 92277
4 20379
1 56325 50509
3 68918
1 35513 50241
