562
2983092 820600
60786639 109151163
548748816 713067192
54038725 103004505
147475492 655287075
660256676 113260050
575494559 134284020
4585428 365611350
10103508 88286820
65970 561057561
235493384 18602636
328156520 118025659
30025738 23283280
698240488 57399584
8243796 126867960
33118805 3384186
57567240 13673844
278373996 64310610
139837866 35432292
41125896 33711540
87622045 373308068
156842208 364195320
670059720 150524550
65189918 42631716
838260225 97847092
42932344 30348720
442718590 122129805
436352575 391060620
455473552 129164750
407314220 648935546
95742340 449978914
149483640 441330942
764973331 16473963
66997812 103408807
273259630 505936782
62843024 438578450
123623022 126116951
919408320 214405425
510096506 611194795
52504870 384667635
161809416 770725501
151744008 326523360
437572668 707973000
385723998 339220330
40160600 724721443
298863319 20456408
16834258 27324488
850169304 131918690
263795861 281516400
222688144 171279220
124004460 633638302
166994599 356731472
74084096 10341149
315754530 104773405
567913815 747556140
248967481 334523637
103995155 12752133
440297088 138741120
238849608 170791742
242834000 175157459
882680352 163045643
60288104 235915460
2183155 517913188
56172540 133319732
226869723 85259666
530281652 19434588
668341968 125707062
214479865 17153190
314781747 148759424
82738240 395712853
752313440 171870490
390671325 70094695
80827974 542234512
315957155 48852528
118008630 75831712
34037542 90944595
321282211 228665430
134972792 806311506
100497033 378477135
294768760 121932975
367861762 80765664
19666653 184644388
44206524 205406482
112729950 145588950
427458990 81627104
274637029 147686
989402931 660169930
959112000 328069440
475172602 611537784
2160173 11282432
59578435 157916638
202628928 224764053
47906352 132193615
383163408 600474588
67700992 445563480
45114219 88016614
525465200 224848803
363871556 193664842
265121269 252693135
206371776 190087576
658553016 29984784
852722880 11781357
343044492 43858192
595831470 442482070
26496862 622461420
3959575 152943808
778524231 614963664
5566572 527866194
197795136 21391482
408181194 315381664
149898843 140405538
512476100 67957888
449654328 13825434
423207792 26354146
69372450 169094053
315122360 600598264
58570344 451627624
497392440 63836205
233191756 406861958
106196142 48264706
399787720 140285912
308520326 60513460
149545440 1861020
879799116 222390276
220178287 328158240
480340326 14050206
207164296 219898000
305893665 97767954
231956130 2107526
10278414 64973268
59707117 46870416
54011977 1680030
144424602 235211808
7395986 156960295
269967452 263675775
122434593 153918441
89884092 5592330
20087166 109142670
811831770 203858910
100228674 392838436
69988464 125416930
63839168 231961825
16935325 305823432
54434112 685957272
81087868 112752098
306022717 716628059
58916070 29067558
80887380 147380882
490423632 549702680
556914776 190124592
138884922 67159517
350020476 23685669
419017824 355979004
186309460 381880440
483167620 239421076
69522016 50025526
209145937 11820120
190088552 81386078
33222126 571230256
110600322 56882020
10233312 165290488
12354228 167398220
750180366 596350410
486455293 68481565
218778768 17311780
438917696 266909496
325658718 17492636
198070100 16153950
21711896 425525752
440100909 159488448
665597714 71022640
368040641 137574744
26733690 166490010
50677200 264698775
1141130 567740178
23223616 9658101
677131224 153779256
94609476 81667365
53455680 106033423
318535100 258340993
676815510 614068492
220775804 348645043
163424070 74561265
196996176 161748048
261502080 66313098
768563180 1510908
393542344 368155920
4240122 266199600
183540434 4710028
358288476 271145732
286220946 140744305
554671424 76988680
46248960 307649430
662043270 65449648
9544821 181704285
503179096 150753008
689508560 301400556
413234640 453670932
546328890 423202811
37879568 293399040
267928620 125462472
318030327 39260760
35940320 200570868
36993320 495992073
49371762 177773024
206035752 226087335
418613760 407764795
485869411 6178476
274071360 72984472
612902105 348143719
206169786 181078816
5181624 35305020
202750350 181548430
23998048 839612172
221274725 26985244
241497584 53039735
53848041 220912332
35045688 628418208
487754532 946624455
279108227 113231305
148831260 638013
172697265 180285237
4645996 177288384
84349160 124672416
5123268 135935918
7467084 721624590
183603483 2657088
366300396 192390720
456166642 18491424
701321920 88569300
238336215 814059949
250640880 252557865
218756340 132593727
8131560 670422025
69815787 79225554
28925125 59154186
64510716 19953241
19124288 363513654
133091336 323590900
41470208 498371720
337981540 629065528
61648 49379800
480907960 107665732
568468080 355631244
592127576 325574154
673684550 140472478
557216335 13329580
57132540 728175175
292417200 11131220
38212290 158403513
379394484 110173623
71012960 5860212
5782671 10363470
372583208 449345736
77544956 35122240
601590464 195606866
14467332 15297850
641218344 713764842
701547925 67417410
58144260 736903332
133833680 53067210
241056960 11599525
60205437 594457920
67810002 129554487
799960800 19071540
105261618 189867978
523842505 752300192
232552980 117169287
73288092 231968245
68139392 172423355
169115660 447818928
657104787 3549196
770956461 279444828
31683300 214696170
164328384 286116726
392454249 175181515
279267699 74395308
684602478 76216008
423024064 189486189
868036860 29546455
46937425 26170402
10917694 46420452
139427400 415586388
893079744 87973718
179290848 104168393
515465720 79513140
201169353 408654433
19307478 222203443
589494984 201919776
185158326 212969904
335152719 23544800
356787900 91526428
148680350 7204049
81896140 549380216
141283311 37897873
34855110 9118336
109421160 100206144
12009248 64672062
401485365 2246322
315343022 540009558
295837025 60398100
480562276 77319132
139266270 670757005
105650480 155626408
135104676 28292148
56905640 497947408
351137724 110306421
19709286 431506308
12733110 435775140
257233760 609635336
154391911 200832576
547549695 304139154
308828233 349727092
253253229 325036800
140353475 46565018
356938137 674092804
561866616 79017400
334453856 152477743
21542848 35477562
451061694 773968972
478620288 47562250
111932964 741678125
118464012 91950648
203075705 222583577
21934682 64950808
290330127 347887701
501099213 57151857
413599598 176483300
11715070 300022749
490307582 4894182
336171780 16337700
562221807 1934599
460152 499979360
188167107 633048901
712840090 33798122
84922565 3229904
290019477 529592160
556428775 83358006
122363358 31948424
33233546 425324820
92864304 171736864
41201676 1939839
175634720 163259514
141158336 473203562
124473861 57986100
221969544 322559300
13359705 33164766
478580700 142556744
139896480 92624612
521877579 401995845
307096392 331845417
71073300 147462800
334554654 308084777
494972478 1720940
231043392 207783120
38240284 47642829
119590073 355742750
323862413 113009232
62018385 375227931
569301927 607740822
74504896 189975427
314313375 31364920
108347232 73912848
360774456 412933760
167426160 477897554
239438683 304407352
124875504 195867192
89779157 58714971
16141922 866106262
228762840 294201840
271536731 176338404
552093632 293547348
272183340 10443768
107469624 201248190
171048840 129266980
66761994 104977215
97156160 6631066
44765595 33073852
714651984 129833664
303847872 110899267
240698198 314433536
197259636 809546800
44266772 60853723
6844432 54025852
502881154 14742200
241236360 938643580
380144883 471331315
20937332 56047923
159051904 335437916
225785490 211477030
421511098 786493576
91505808 60928440
288637273 329829006
250216407 29232005
293417586 237011250
551036079 10121632
128873136 108410427
70480166 47051459
99452691 620103792
45340449 141624864
395023338 356525234
400020930 308326242
26752059 485859950
135818381 253632700
40110168 123179020
296843896 467749405
30619290 130103904
20025082 647808434
15283454 345594870
545670125 446059430
126702176 245400160
204466581 6229633
195891320 596236221
41954920 59962868
341070754 368651942
48317184 534938816
121864340 36188892
12412645 83077623
146663550 573713400
374938856 819448572
485225300 136338795
31702688 321943144
54699060 590121028
166184469 264513480
544277008 552497700
300683130 45993650
373055310 216444800
155720771 466081466
506320262 24063228
121089177 60895988
97673635 140761992
11598272 382335506
351947694 117316850
479416210 651965504
789219337 20819015
109164394 451396176
773069130 404262092
455431275 46348336
27408315 752349870
14998170 859766967
154431372 237347175
534558696 217429958
123013033 307271340
101224227 604071616
274857324 102826836
313036990 687491712
278281510 116245280
375575676 730595552
841434054 29391656
358939146 156404829
349584360 523420051
104004754 259336224
523307500 602723136
38210944 163760942
28551512 352214676
63797145 422069770
358745050 472597488
244706840 152407266
306338809 477502281
177997675 314096706
358173486 53467200
85882580 40442371
31582188 92404356
652057679 340001700
30153192 35598535
28671333 114608718
595366746 256372168
7499808 319166640
251407613 614233120
124943104 31213480
41266754 515072520
10539390 57545220
214078321 277890200
658694073 362174295
246596868 844839490
110975415 667573588
124735950 195390822
269824949 169145597
168392312 62695150
327771384 101539262
520360687 185413124
124833139 651476390
271327182 146007519
578759649 55131714
303019840 119482900
224503812 682216224
112710310 135801624
273311192 4314089
118287090 255643344
32175396 608119218
19613211 216923654
337510810 68499912
229979530 169498840
27790980 74538540
3234009 118343290
134718654 230912530
422370774 115645646
387368854 21138176
703569000 476851224
243903588 32566736
358203328 228631195
130080444 11530590
304235880 43403780
239766912 23520900
245212114 44964144
659070491 125771590
222111036 77159124
229961475 313291908
778222800 75438480
161380048 471954600
157883730 166068616
235196370 48884180
348355740 303543207
124999192 70624052
29263325 27825702
2425543 552331600
217353045 875163108
416166784 176667852
155274660 101377023
123586185 69375751
73264356 60956094
1958784 220806630
497561300 709515360
229171404 42013076
227528952 376646720
190556640 294052774
111573121 750820740
60701520 107202333
35667696 185204100
14203134 292478733
125718219 39363570
248499432 543489238
157387802 57366792
26966320 51887860
192593376 477379729
727233024 109859015
208288200 540697518
415495374 455831010
123341400 30408136
637638008 34892934
668020792 503715856
393717924 113643819
583337436 18234952
366269022 156297416
711799360 301677539
391200852 93529926
170108698 28446240
615646614 451380888
347387868 406201228
17740188 4165368
511940104 388524330
4420248 608406080
324194310 972008394
28619857 276250320
173424498 59102217
88506240 356438628
665020944 509871736
654714710 165321304
586936106 415208052
198942930 545239932
40277952 562058350
268362800 361227141
