948
132814935 406646856
33470940 42585782
7024600 97119085
242580690 234602811
558582050 27296280
240509424 18716726
21816324 530615664
794012027 69862320
99037260 232487244
174594940 231889175
713792742 235592141
313061996 165262512
60986055 534308584
397026465 310191663
495084030 280793970
86755796 317198355
88022671 138743436
327803112 227560397
63107142 50303425
399147840 176799744
123755680 328164464
63729831 77654668
333594396 766241364
367133554 277169216
33837705 495353399
706412382 25771584
678258035 202134122
158109328 285252118
391247424 367258584
92873034 208018188
237260760 257580378
63986164 119439522
94430806 33646509
64469812 481368816
3814275 91020330
116224560 91508880
210870890 269015201
837239670 197470728
488903436 24550862
272594741 19998429
685565641 15444120
663665904 93744936
209811404 293470212
10616781 99298682
234721746 189704600
156169800 36605408
245523844 18649944
71067512 203877684
250629484 413093662
848988800 59965443
234685640 111177987
196967232 56101576
68042920 25345380
206557532 315876842
350191606 136624896
508719119 65263788
248265636 370789510
177514200 391112280
256536204 8155184
38303613 100099248
629563272 634271166
834348828 60808456
293430979 614547023
395568686 24556378
272305320 307120864
115156325 15372942
15946183 199182152
4956316 59519500
293986760 275808984
268110911 96626880
880853632 279028452
183031254 239427838
473559888 267644440
473557504 218365700
69767880 100921779
131457744 69875785
95844868 5442840
105984585 80081113
169327474 77631657
44729090 82129676
24140644 438582900
440675664 381939957
179785391 99103136
44972886 392230044
229278651 33713173
63605718 1456550
298430267 387028362
625425645 18953849
85857085 332870260
31468564 264729384
292332068 235326702
120148740 6973581
99567593 66761940
76240642 128006629
150099905 27440456
613287280 45550330
614041122 37099304
76505050 610422820
13149470 179854733
261352224 29939525
243485160 414146265
5239762 76371599
16233763 587342976
286066483 61381026
32484144 441200682
164643420 447155199
217418367 902364400
9659862 419988996
403080000 2976116
698758944 317497620
276518484 193613992
367382556 274924400
263909737 72622350
75155244 568091121
78223574 447037812
289270969 247575302
10756314 92626352
600543552 114426835
383533696 143996919
195301850 323520696
664037866 503613228
68363103 395460120
189115001 8121910
558653248 536858560
75041070 397596544
666878306 47401065
52738374 608737536
10732559 96769607
150770664 19131735
24241231 232114932
298750760 235838232
412175475 556961856
221893980 234317160
420092976 313939760
318582036 87660216
386708400 20807490
201279660 69907712
92091285 15994910
415022190 56300194
182646370 467918064
361341810 13536800
99189111 80493576
216887544 322977704
7813987 8932320
33216716 356898604
73052936 804803850
41170040 324029004
609156925 63337824
413908276 388787350
329401010 43500375
122620680 288378545
191224100 437931171
188759840 702712836
523843810 52774326
5741007 98937496
50538672 86162090
410286784 35044776
195584268 136991220
193734890 65682042
68619936 94017666
904648836 450296658
131859506 119759544
452768575 41561366
349603556 362262432
309566532 390691263
173455779 167154240
194324788 424217408
42588714 39498920
27813072 449203411
20536110 266278388
238099392 24311988
63701976 37392600
264035415 304622389
68912718 30403776
161215192 204949344
404785188 13933368
309863728 381011148
529573896 188190779
6591528 256824960
167523977 86819634
111144130 43487394
105259590 108738732
563717848 140251800
241883628 661047912
31006443 470117340
104782692 645738200
399347850 150132240
458008568 32318180
278360408 19490320
114094514 308491913
76896816 276149040
235814092 20847236
102061271 298452245
289576443 154345516
417558596 162077154
240885971 527781744
119195670 211890448
296700750 4644114
44868504 24454701
40671180 96515712
217302768 418653620
15240940 115588368
538369128 391338150
153571444 100364460
40687416 161785034
10376750 428088492
85456239 13073563
605467908 184449672
86735578 326510318
317178174 3109640
353692896 3802533
136622434 139251606
9657876 639087895
381024852 389239324
491724816 112493556
26417248 309565442
550416942 19675744
353771042 80666156
162154449 19161272
324268002 500348264
60818219 276913572
168777490 784038437
293125140 254134560
243116210 174800054
540273975 243929385
485629580 459270980
113428944 177580515
26014550 399912
20188515 328272595
271216582 11164480
504314368 583307600
35907200 723082498
143340940 27943560
4081095 578354100
577103980 421940919
581610240 405621999
252972566 115512525
455968074 112789439
323324240 135263625
636822170 81153140
374070363 819319615
301806202 470660680
17629024 116855376
151633636 59737527
507195486 181587444
58524888 134064096
152253750 109723818
205128726 43736970
10323537 729628560
696425571 440229749
45950940 59041605
334052650 591327666
193789740 266539600
487025109 607865490
313690487 246082888
61099364 150471152
399923350 83443228
218581720 469934702
714644514 110494106
22988130 301673625
174112704 166081261
103598096 859983222
69628920 55757814
875305914 68591487
539129412 309014000
393620724 690259650
208428738 391865278
373129470 368916175
83148450 43794915
24603500 227707713
496717214 15683078
200010074 230561700
146095776 6830024
160240730 290641524
225893103 318133600
199321902 254362500
409531453 433867995
72777056 322256590
17176636 180874000
291819164 36613520
110895279 117916726
31084086 14670840
269383242 806307920
504836767 452551455
481221540 29226834
148991038 203194780
96061524 483378536
794680842 375861280
48056976 653768426
55131504 44349612
30309192 223961097
597747040 6728325
528076584 188415920
52620218 144860974
2393677 700684516
267733452 393976122
327823452 493061040
933768364 421186053
104400177 224804296
134405418 387905466
802620423 640219385
540411183 36771507
75429095 531493270
168235654 293837796
519770444 21344298
34597003 324575706
667967850 432491604
59608632 218846760
460986955 409840431
150329640 38421880
554587658 129286143
404951696 19813724
23471595 645142330
27000764 145260804
72153390 374178844
333197228 296108435
39093642 547910664
835393581 92619878
95365536 113865099
60829428 761922503
29150514 66120448
627313216 21459621
163919236 17188788
80221932 333085352
150154680 44254056
138084828 575560508
214491453 451711092
104213494 215323778
111517161 178080628
29824576 349348680
13641712 398249200
10703511 233334990
15743722 125960610
377754174 587877184
365891930 594037260
518301992 225120476
251434144 7059844
330279780 187096125
17153526 417789525
338770038 309698288
189349041 662767024
622161162 279243120
104931666 186391791
303313791 700242389
465990220 262886944
145842048 157279304
776793410 624202520
283520964 34857032
209403132 48653619
269967040 365733027
172515042 87101472
426414550 89763960
101618094 22083750
17073595 28283436
81585936 416922750
356701725 80762720
130624962 98760420
154441385 112936032
6061167 145315050
197358123 517295268
69980538 63794870
72842060 62854464
115974144 25452426
793894960 277867964
64774465 879463328
38909580 124231410
357561180 359099129
170358263 448287372
34773712 349813800
631082112 425194143
208383600 350743743
584608752 607830495
177727901 280101435
272825600 63395082
293823954 465561351
235042184 34902652
536737124 513684300
432118805 54786765
80563350 432422983
142469628 168410475
167686072 307333540
258558912 46787500
84158480 86764896
13900497 36782732
56378160 25307334
223500316 202843758
56624694 235660500
546791322 93950132
458283368 21214960
597251748 16907364
192080082 336602707
49193892 47493758
662506385 272316384
367094040 110204556
226702675 19685475
210972882 295185380
401253890 953003
283505408 101756928
126246720 199721200
196550778 208149463
7980440 310865046
576094173 461015730
277929568 97733440
295278144 18783018
96851430 107007720
269680320 438782732
70502616 485001804
11145170 570168430
6286302 680829864
99443821 799516278
87348149 141550254
63401160 12399981
1027636 269482312
282464735 149531467
154342662 39048618
84349440 222484053
38951204 702797184
807829095 159521280
626927976 650968659
182213640 608350938
26025225 865456700
531548800 45520492
18257784 68580092
680589252 1722670
20470281 156787260
633988072 39720725
80554620 36060864
152115031 117595751
8483724 819873392
96179800 849773160
41942292 460465272
275950764 605548480
167445698 38188991
689365728 354361280
334271685 11310492
677610775 474884937
19214496 33017170
38335316 136932768
83752305 527227090
36374559 664420374
8277929 58773708
227409444 138244872
52621940 359681310
123548040 388660671
208349967 288593981
660094700 109084378
54904812 430748784
617473410 761762820
749998704 29463014
246017450 134593620
216502748 91398564
218543064 442609794
10286157 368349564
224435421 90157442
36177217 527532876
102120540 571303890
194593608 30538440
58691127 631938022
199094644 517318620
680130176 288244710
645068640 238949244
332605182 316223820
133441992 200127690
304058040 302255460
146940534 71230005
21641685 35241728
43614073 388876800
159188205 387206400
769250808 23875841
456577488 77497686
176485932 124575815
276647340 365303148
262011645 133490222
48425124 293789600
2247080 310073882
185415760 429452800
15789804 431699058
190200150 122985000
213042560 37257715
365918924 611017448
129410856 544752036
227848764 437483436
135523620 62115196
165476532 549767260
8965543 332134305
526802700 80767427
305959850 133532535
584665720 500501511
307191060 130278456
599056059 218032980
85779660 137039122
204002095 854935
585673768 3349412
274644189 106630056
460347188 829156930
7488260 538211352
395441100 49809352
292225205 817790202
300055360 320308976
1346405 160650054
365001059 804901192
74471408 315872226
117758184 41727777
707129840 164050900
255350016 354084748
593617990 181279652
247311505 94712560
211592678 18171825
55896568 522763085
101688398 53119276
140497470 260868335
407231180 415872380
417780720 357409512
157460086 183484140
217411521 190853036
69313728 21093150
258398962 45192598
118029734 142113948
84061110 207652806
231113340 127930032
207628176 372959640
828758264 159337391
46204900 873465313
436508184 695602446
140767362 21962444
580878564 494706576
292335368 524700672
11565544 51537696
650837739 252096836
676837620 679828779
50548663 63689906
6078864 403248252
50948206 369478267
321596538 116157213
342744774 101735340
24201804 59277010
544367824 49237958
98526804 280781680
2850939 506392614
88395745 159892320
126028403 15972808
2037696 825174536
360912500 62240840
243877744 18426816
45567282 39138910
5841060 150330180
463020272 224270272
468231561 747440481
111991069 12053076
119957032 85963250
335575196 274727990
81432519 92958387
87120960 132997440
196562568 20412513
351536835 171095260
274524738 45359156
151053942 14557686
265157312 223698860
224927681 315745920
643619040 230314096
97753600 191976360
458837056 188104897
285583045 316747242
279794755 23594736
218896920 269114027
233578685 173588526
12060984 60411735
65695068 7013553
426057650 15668427
278406009 48988331
102334936 542710835
8251770 560551692
441813892 146133726
437579202 327068972
504100580 95916850
569085780 521565600
431490820 315450350
826346250 216462464
163044240 517196988
328688235 791612640
12173535 142712158
227685142 33455248
1945932 76123641
135370690 532414942
538009980 561555603
33564774 5180727
4716378 15156471
257897133 569371670
315974010 244494225
75780322 197966457
628487405 15597060
458779512 65117385
457575600 114862236
426820284 314889820
189435896 892649355
751547300 28202128
174289392 503056758
52943967 320045700
174910340 778325886
333497604 699701832
257557920 54096120
253749510 508667796
429751956 66847056
126407580 155931434
19157124 3485952
17933138 306745488
434100400 539618922
30300785 546684501
102262600 46181366
12774573 7070664
98022425 795307584
34501481 142653254
722927370 332144963
296416308 234384490
59529260 537167106
306406109 168165180
391981970 759830334
926912 155529864
186079770 330393870
209957228 922751181
626939880 129487650
293138310 162371702
384529248 614452520
131556766 84444804
203858370 392369304
466352802 116368638
459499656 19805357
25799850 169039232
694015770 404510517
464133360 27279188
42407792 325511964
17075856 12441531
36858942 25647120
167483813 8858325
743411600 88572770
549150852 55431883
180947376 278886927
142445616 57025860
589058624 122270001
415968072 31553608
367737894 130293360
396863720 536193910
746255700 278376440
582398280 47718288
6185014 477076065
128040145 24452508
721301208 27487712
179224320 254604084
21913260 248253400
770018886 97667414
81548525 502927424
207701478 695232734
174919324 83230281
61896593 608006025
48453590 257158900
106723736 69226441
9742038 62283903
400459327 192814908
37284000 97589520
419051906 227501467
17125491 34542685
204308910 384877008
317467700 336782820
568520946 315120902
163423494 57153960
119947268 352740857
356278000 236039674
120926700 45547932
254707712 69247944
70422512 28064760
447382160 15325154
505731175 348997842
725384520 105690870
492465805 101988288
23003409 337988226
724469750 46887498
147915486 366422112
675105368 525108636
611481216 208616623
102239219 693840294
15623573 58149880
601030926 67384685
364894398 496041633
63881532 55520660
63449163 5517220
137278398 199900530
511693755 103695456
81503658 27461898
496821303 22660965
59391696 533372960
836736810 307732630
56220619 600985836
165441638 795932808
33488374 251569428
375969909 120281664
370701520 7677921
328232586 810941374
140551425 333210105
28280010 323989116
349995420 625564281
125340956 113990448
94407786 41921418
1355528 53692891
51956300 131116887
301115871 23268924
239002434 471073176
63439668 339312009
48221589 617203392
699229 470839508
46949440 91492520
133765936 71016417
143107260 91132950
77760040 566553892
19654740 639449472
3677320 697977252
532863708 184786160
333598230 529900211
438118121 434511952
155215515 286721217
5747532 484170544
56636478 22606704
266065470 197788776
109212722 235757523
276216960 30850610
191560644 389379155
63277352 340652802
294191000 423535020
299926311 252095788
312501280 17232675
174523824 218284352
346808000 24306064
627306100 561308720
39932554 475966048
314961264 464663474
101196372 21819562
680543362 37723491
741692952 622409643
36427696 326938764
7918335 326005401
53342926 28311174
297667650 128633920
513404434 13019747
168283000 1112720
713949444 76963800
142863249 178263585
280817766 354542940
420296695 143380275
813167066 188889360
121982637 102055366
70494776 122331417
665826390 52354467
577796064 189270004
585119892 30817764
510576404 187811960
128707520 118044850
52111908 583413039
77763420 33861954
58562280 129962016
105715623 37461008
115264149 65513292
532611150 37752462
175635306 280978856
249036801 51287296
228326025 514947758
282745740 335027880
78679581 126364260
17741362 710971625
22856228 29030430
272783532 625195555
13277693 519721110
665474772 310072340
71142000 367475528
99939090 182799585
28966540 865321152
53401416 420890911
129774114 245465857
33064042 685194194
194361678 458081280
315166480 79618210
35784828 160769257
361904350 847593148
300151920 75457662
70679248 637414008
51622866 33694272
237781846 524483280
85501444 60912918
18365976 364049021
288714519 727121952
15094128 477030255
575671125 15948134
199229050 48571890
33111600 75910120
130788972 317059288
179094898 105688150
74979510 149175560
49958295 118177668
116012391 278739440
230808432 308757931
282604224 47163635
642221197 670157436
593046457 108271605
138738060 755481978
242239359 544308499
281058876 115950480
444340600 230143200
9237132 557823616
236447984 100704648
215040735 211534544
63466016 623075449
263753725 126334143
730151496 4031511
328575096 6385904
712193486 61009966
130059792 716867901
137204624 449879007
46385520 228821049
51498577 523701408
199836140 9348284
187843254 80979564
395826696 14670036
672126012 707001204
706163944 132305849
11606328 585495600
157449625 440764632
45304095 422921200
59000711 493208496
168519666 581808575
136522262 112830625
36002776 15391425
29597535 413806076
132840918 499982920
268611456 408399032
49899192 67712759
241658361 257186952
423337655 123580012
13125024 175964892
102672288 75246435
194037840 4333423
205735972 16252684
25872000 111587630
151064064 365487420
45040850 69374364
173751482 7659657
220244200 11453799
583528077 334828160
198018249 291889752
7672269 7933735
415928436 23665088
597239230 5622515
56320000 189590247
260894250 407026860
586417351 209659357
68445861 218682305
85906527 394115568
355779957 680099107
23359028 8226916
71613269 208207454
80188922 201738390
16554608 882677250
687793920 129797010
244156458 128622276
984230900 489460956
59332390 474466905
619407336 585641028
75395232 520430883
415455738 297754065
360818986 317198770
363765108 44165248
406884093 44618348
148204656 19694543
199974126 366823626
57388520 379398084
6813875 214884034
1555925 185974320
208649070 716968668
83408128 67205146
192041600 426594168
355510428 253485988
163941012 113647536
637600880 49687375
664911975 411631715
216601776 510286878
645896348 251355726
138952710 232038644
73958990 27394393
264044250 376160785
94133336 126952243
13097123 2147514
15035595 12063392
706305566 519070435
28220333 173036592
14870268 75240369
161814944 522739140
25636700 170366812
840783853 57782046
28841481 516431664
142139176 243282312
739033526 119867238
58446774 224497140
435661125 695959250
29727984 145151842
337819050 165222980
252560193 188449646
19412788 641413080
362405120 23528064
109813812 355543912
348254200 74582772
281239253 555422066
29379576 89130184
172442480 160566035
9863546 63738179
532584056 258303362
6840362 296955560
358809072 10995504
737577234 291198600
234549275 5761870
181273316 11185475
192160521 383313833
309443610 49680708
535784796 171214516
849949110 88526187
581711304 325146879
27108320 394729120
33917289 391536516
214802588 595678300
25863866 163519434
181830975 3813502
355164207 136658070
39928178 423398520
230950287 128208200
8346976 272323380
49590827 129996035
657283452 133626496
636836590 442930944
781885791 234213552
494131480 9846188
373770698 105020295
116101424 107632236
10525164 123129630
282914835 86651840
223333728 184916851
74856060 58836600
570967134 12101320
43678764 305355999
53050856 737613459
181581834 301216320
544980492 583442244
101729124 25554250
