527
39593688 663215157
681870240 482023569
776241400 956515800
3785356 796402780
260953107 53713071
98611200 621969390
92438109 168554852
195037620 846206460
167567989 288076320
32172964 353695329
100487296 40415292
154903760 118749527
29558928 40049895
308420630 268115264
805617587 144761112
554938227 67963842
104215066 221172210
141057587 421597799
600936292 348775956
17280672 277350506
69959952 164693808
461124690 134813520
99883812 108405712
181115320 245672799
239002758 589183744
389056052 59946516
449442435 45948756
657414600 21931848
35506459 513490383
511471376 316720638
200637726 7271824
50072472 40845170
197928420 57447960
26462658 302267880
384981188 280757895
729581984 48244100
520878776 223506954
375536794 125804646
73428520 169622040
306381459 396492419
127099120 161792928
197213520 892328200
130551211 497829420
297233412 186410805
53399928 140091714
501161892 379793934
147502472 765514914
518137760 176562100
314064177 118728143
19323564 51112131
100925403 104829516
177188060 2157371
69046568 7008900
900257400 342856847
5917776 29518360
36057330 86195488
181566420 528659740
131963832 261252352
398078010 243500520
404522391 211906432
142808724 18911214
57782250 192706350
105966083 189244397
35111142 292220379
195292600 497347446
293071116 402582708
13369618 536647232
242480856 911739860
41332608 1813608
169117502 67928616
280150920 111485016
96239752 21506136
462466432 112120268
957717375 7601604
332073612 115934040
2897532 126344925
46992144 30529506
4839450 153724404
3548776 42898520
28348422 75523328
146317212 235494840
98178080 96187872
57822784 127490352
397556412 255447934
167090953 538158941
24167950 340555972
12824056 461192660
578525920 56363373
220025314 289261041
280659354 208869696
263362935 159230768
284551758 149579745
652393028 369740670
119179634 817367080
472798948 185336370
10564064 261813996
10705920 173718342
271691235 74400168
917838 73040292
278490778 542617152
670572312 107535930
265079336 259968072
166908540 330243536
138543812 76485159
27605448 372492512
303416768 6049848
46556100 325559016
923174 129613532
140908404 103590802
954209273 11782823
153498106 705949468
518447376 185989882
380208052 270811086
54432972 218005008
19258476 405094968
176119717 661923815
260177700 80230194
89846336 275440650
8146080 114142896
13874296 564542418
89747700 363793761
94378214 43485360
76633272 213038804
132167889 438099682
26433408 285398754
204085748 85115421
332871408 224833924
2866035 31905840
403581750 306851339
34845915 243026545
760766019 2514146
549561739 5381020
320169240 15096756
478317216 18417250
61430592 196495002
161564000 324611540
188357890 141080610
3361058 124987999
30508506 223036209
169144509 256214994
52622004 9109023
404203520 235705121
648784 438858405
71911040 356510322
140198639 49964428
84449538 252547452
422407170 308356158
875440713 966803700
60181670 137416202
136752624 573874130
612195876 327222558
537927878 119828203
76274232 191938880
595370150 466334958
513527952 236033154
314883216 182781824
250198599 100262428
197000704 393202245
231648120 259026042
29761160 239735350
187629585 315187344
425769526 288432514
748841700 279055394
105719132 312947544
387883034 695351838
297749283 238490780
7068000 69502059
50261988 8228962
61405630 33632075
32428452 893106
169822248 28099950
306404928 169941741
114076341 453243675
343448424 125678056
10847874 515767460
180976950 785340539
457303968 150793207
72772080 61556700
121353225 61919770
193660376 125546785
839262984 57508542
543707278 432833838
111478871 48212410
298144410 137127154
52954727 448335900
62650550 367113672
2952540 260678575
446840217 44149900
133094355 109006788
27675516 716440695
353840428 252549198
7544300 34219983
372965376 25405768
129574588 734337738
68094632 208567730
38920934 165542442
471659574 51548024
332843002 19197936
298715136 327826716
73028496 43702852
37326322 639490240
23620085 161221104
270056064 412971975
69719510 108389190
23161248 44525520
30653725 28477392
419948836 498319136
73794240 62548332
491135610 149032780
71748416 27735290
2768563 543239814
251382582 328556088
3618618 19935072
355216320 777715536
539976326 273573484
269889176 86900000
294670662 309478104
113376211 2226193
120936375 321973812
14512660 241140278
652409694 71002064
2042446 499617804
497445400 86648287
27906861 127895680
91347450 4741013
10675140 22234373
70290320 154139928
11857140 388517010
63490064 741599520
219172284 188311860
82095858 783475305
425884068 30663081
59662860 70858410
160659863 126093780
663396479 156462250
208511145 24392880
193866708 9518410
246263409 316530632
469890341 6728517
360328066 148767080
74967340 250813308
28391040 332791600
276562471 468476096
18847511 524708223
193188492 192836712
550909432 4204920
68718320 129985600
100628550 177589446
80623686 152373216
27504135 25081140
164505042 110360488
191363968 716932794
292197214 117158640
312160009 96983819
192885756 739620651
282276887 689232785
67076574 285240648
233437500 672616644
25591320 184913190
120092560 42681696
142084602 82212823
813436008 47263675
179450804 24895764
553265088 264271937
505682715 497072768
440899206 503027776
729047880 29556065
157046778 252103038
159336096 16524304
88874655 671208580
44889147 142733913
421129730 237477822
842188864 583583769
376819128 256060790
100056000 451516130
297232827 400373589
576728181 235424639
223680534 93454875
129732312 634936752
589931301 480495576
65793420 20609582
71816748 97585056
406679382 185992972
195282360 91169470
23293278 328754155
733866 420515956
190590582 270204480
55046142 35552976
418077678 134197408
81110999 441680484
324720473 153472859
324876008 585354225
662542452 211002990
542138265 556167000
285183404 116667044
612236807 331356384
256972296 17579628
497655720 96550020
343888495 16730280
189968192 13367544
257552634 50599316
364420046 4254958
35840938 176950554
312781692 60695869
13584960 578921288
599985724 220981257
704419482 39295640
219821740 191611845
229086541 845892608
595375 430697184
304204747 133853832
558674304 74201556
161080267 456448230
9921028 226351548
7506240 145209036
239849542 486773856
263500874 23085220
17178925 202548534
60311182 3918300
20991100 23434194
105263312 10638876
180809580 146120089
148390572 12866046
863023306 26643520
84691112 118463617
60212368 478018980
212780784 15902328
86812778 180042546
616214544 130932870
180415269 984650400
330121008 93421696
218784960 645577060
75556572 855632086
660363958 107845683
705293953 19731284
129387153 367724920
262656576 270728150
339181960 486845778
111967800 364920896
721820425 189967864
4024676 526558542
134795736 594917184
14717600 361542706
429213960 796453728
100217805 529830718
9921176 269438760
310762840 264395710
53119506 272528352
541909136 68799984
26385072 668173920
604740219 677240542
769244144 317272692
30453475 126569400
109313480 304453268
505686702 4497317
290699710 85311720
25246600 836708476
498859102 2234595
25673448 242850020
95998544 783753210
635260093 47760516
524287484 194098716
359135625 249905422
712249482 40787700
13382616 701749530
5289416 432140247
595027238 34296590
482325870 239106049
99006912 84880701
183326166 394220020
113967380 57289576
377454495 27720784
17941680 693948192
270950199 253401566
411492053 46839607
623835304 28935711
268367364 540779805
250089309 780921520
21146034 41749860
334419840 122137158
99686600 319878763
185515601 371370300
172643366 397410548
291371535 691255100
38045810 748132848
203622540 148419972
107218400 528278010
294251300 19446886
53423480 9896279
195648493 11338264
789834724 87973480
427821632 322625475
401940420 196780320
249593370 820337655
187766785 177233940
618828749 119031016
580731921 238287886
141201008 16362808
132416478 276684668
238609096 142704804
285132141 670888950
172276575 55667928
45147575 605124936
422181652 180412302
23548252 41642452
29807340 35292240
450472848 238012794
67395212 611452870
22633275 72019216
162889320 704073539
42104988 223567875
386076663 560758164
210553525 384431502
18524560 727229384
377898966 14246085
62373232 194081820
248347825 213632628
174047258 454227276
209322198 70631984
7976540 391695147
100669260 24795435
202806240 95896416
30364872 392516388
40000192 146146098
99444864 252814176
78738105 607135035
407504287 137391642
491993577 119223768
52264440 238132940
80752437 66912732
647421650 332026482
4800088 19692345
119498444 375268168
94474308 295235719
9409071 235207746
644908165 33812000
73172600 43091865
60107256 47113408
61747640 169924172
155502627 335807560
116766324 118693448
4951502 8217099
371712275 128259500
36548690 88062920
16190343 19732005
96045760 243859315
56473182 85541572
138473860 30083364
166433476 21761550
435611436 49885326
367756350 47881925
219398400 290633772
25846290 168449592
840482279 528741248
7402504 747178960
129101536 450809905
11988742 52431726
269972120 191081330
74896848 75939530
140646737 741118100
312801372 67678549
543862895 60682791
675638618 454429866
63930877 115991415
162413640 351009090
395595736 142216992
91446030 150211380
72146850 121000200
23812100 292254800
238164301 820360878
401687522 7023725
189193260 70875352
418121082 798058880
27498585 320132976
29614137 562189368
12522050 22425359
25349590 45738065
141821592 18219368
173780641 36496584
357717611 758440130
823375168 84292488
251197860 195080595
605308470 10379286
72470042 32533570
129439479 181568709
91908146 133000596
215130090 362815897
200175165 278903500
77599951 1671685
152153100 414187594
247028367 303210720
28572285 30769269
537724845 696918952
581387693 50993786
237772216 57815580
9300936 113122980
171378975 665551519
141286652 351628765
374045280 490831418
3008077 88700066
113723358 328724716
21293295 624228735
99500800 32876820
14521383 6534236
32487630 430612572
30162015 5567197
472024176 51578952
117135975 147507300
294760011 232881324
93695232 649785708
626772888 1170262
8886234 169299308
168705690 148938384
45840963 124437956
578950315 22433719
97367806 885243496
211262553 351425232
328659507 164806980
56138705 528307425
149954365 253970784
20853693 397391820
716285878 267227160
134310044 144244637
31455270 190587978
366472400 863662914
489186144 252370620
572504280 760380786
