676
457385124 164459799
458183908 455829415
404736816 592034528
54401172 102157392
61366318 638046162
166526624 6178258
208196100 308366436
383984220 706600993
605899584 206656470
37954020 539679448
546177816 634671180
217781700 515356380
660610782 577250905
79341856 385702883
508118499 290111850
420295072 30218733
269273697 10156575
30479040 66725370
81076980 237641348
40333048 602247840
84930750 166644540
736427202 215072984
777013722 47670260
156102320 188042645
249999540 225740744
149161109 213143454
234118317 175721880
349471010 86494386
158150392 233594613
191327245 38279637
506162846 584713690
64443753 464952708
136659760 8034037
205050440 188664300
589144374 38130587
248235104 872731024
795805680 99016764
24258430 360092871
376858061 55048644
70448688 513112208
92968912 101620475
49698582 255614073
32012642 2890092
328904631 256414257
245463546 368838649
67371654 11537700
206689920 392863986
99947308 722301182
650984040 669837488
130938665 123697652
185518806 128618700
400600140 713778828
861245 903255212
64661400 641350800
132861524 428192977
129657132 389112100
43000152 301023216
804235992 185717860
58843560 401134036
54665793 78661330
4449900 15278008
204464880 267303580
880116550 186151218
16108808 508723640
439789100 355100268
392799368 35870996
27918416 332299500
182503230 13723920
194646726 99890011
364963140 615565698
623773248 53293961
123509484 124847065
23852740 647226378
816562791 549693830
214821703 632465172
113464244 23941050
31232640 214849401
442951952 528355756
685053968 403165408
171447474 300957466
534622605 325624860
11835624 81845289
348764608 486787500
202278000 354773392
143646528 143741793
440121472 956243557
154421607 25094080
780325360 510803502
122806632 42739554
681223900 163046777
125276814 56088384
2597736 244146948
6141527 72692004
44484392 15119646
303349394 17064708
20017678 157310244
416134822 354767034
38779104 186517496
301061852 306001446
27608040 251919861
84563784 424687049
471507897 121024476
153126337 115429608
414538740 119871954
118607940 790850
352491596 10286107
18045715 135159265
320783118 207438266
251822208 56424360
94088400 12800853
28372600 12381929
115907490 205381076
74316619 516512036
42492351 430717928
93110013 67034994
48266592 409979845
145766262 25630164
40865419 55059202
775469061 204827337
333931164 727561024
315276840 109784576
329331538 55849836
635870068 20995961
55759360 180568397
126894066 131338717
54021429 704856160
24197912 426575900
211342644 51646725
307268352 172213536
505812870 544695413
321410034 3548716
6277854 92969998
355978722 598451520
81279108 145911159
146124104 53296224
125728746 93428700
208763982 66351128
25049820 109384360
66386325 19393792
499342560 24493248
393607111 336136860
193313492 107460564
665394814 18747756
611940840 668810016
32461695 234495540
56221038 623245160
240536700 273744914
218973240 184562616
537303528 451116834
146422536 135184980
93023080 113672565
67464908 90843310
19002320 535089357
469587888 265123438
68859234 138343314
52675792 297886016
147345894 310121002
157919168 315978858
455421547 57549182
455857114 160476243
70563070 13436630
44070052 547548660
35755272 489756075
2659697 183453744
82737900 573948624
903828926 294872364
291870688 586477475
390491604 59257380
486296100 17413520
499694041 7959749
345765716 695973252
6937904 6742208
200436225 396098067
23691360 4877283
447535886 208191360
454354047 687319400
417637766 21780963
797021444 303019258
234216884 188961990
30024924 444216825
30049855 104552364
131289536 142629140
459665416 92999736
643111590 731631700
437833026 199447428
485410510 34316642
249628308 385680186
96139956 363208978
75245949 724159899
2002398 445356210
261639765 197130360
41730376 544946391
338322359 33676215
915578730 28900128
261062988 49145525
402533948 204624000
248929425 159766950
757741332 37299636
710390560 69498780
291279936 23411553
483956928 600311996
9241205 826077902
518407248 601873683
516781296 125997504
175813950 398044980
67743970 405752175
212645547 337989720
676977190 80266515
144850230 427162824
24256992 170307944
60662880 350659776
135811756 324348549
318003295 296065560
400998370 437326634
578632016 811876140
235308480 20611773
585234172 20937875
71843838 266470296
199749744 131715870
142734784 54759312
238173561 594890604
20318585 135538164
133091219 633478788
33278637 362099272
223728736 221782288
72407614 596930544
473924880 187941692
96558096 312361296
593896428 69383766
235431684 659868860
224111925 4205628
31869 195445819
475396644 379881664
71906548 527641792
574426314 449166400
28873110 296398704
275342613 96157825
239332280 327972374
38127622 321028125
23526063 299424575
33987462 110407584
259094360 288567785
56607232 71976956
232543424 278969324
112652280 216138494
800374110 215049664
61188144 579463339
578862310 558747112
423183013 291595386
346432878 533137894
423318195 671399928
130597260 81528128
190550925 224449962
94876832 149108256
2631750 138502764
415779676 731487070
135817890 387578658
32238052 49507141
28303200 25344402
154501584 141876186
98787948 82519970
547647 313177959
31756956 311715216
727725222 132273636
610308778 6954642
856881855 299151930
181494196 176182342
342682340 13049200
328509246 276509184
486470220 28164204
414140720 310132540
2920872 5415550
166148537 118113422
32928216 252564884
485684032 246905756
175005820 102924567
608122684 136312605
103171332 163941184
307937799 124256329
218984544 40827390
851674460 500087100
159981748 113790182
263867823 259894160
593915732 350258645
125289214 226314675
320281152 526893837
46854855 40114425
70635552 559164525
8450624 123960312
4159560 11366698
190601235 158814730
442501155 726103764
41677335 604660662
38345104 44769075
567333998 243056800
136239534 82242251
164213091 558923152
141108823 23620056
7832088 573721290
512357362 5777940
128723222 665818404
62945500 504440712
326734600 14403969
20845482 57680476
90026104 77522748
50990498 104865066
75413120 630359599
260119088 286522236
64392462 143667020
76304862 292377120
97160712 275245495
60453666 293551634
296375024 16790062
196291740 329630760
589229397 37760765
60787404 597211758
103620776 470506512
602007481 379093440
738531936 487151165
22361420 8858220
113383908 348210075
47908420 188087890
545530000 427000284
19921530 132344600
415767765 106691160
780746700 14616760
75834360 285694564
123369190 324707928
49529190 128986144
109770143 547499225
531254304 230053208
88506483 144049680
176520627 608898596
37761624 337695879
393347700 582945336
87936696 176815611
260975564 355279392
478141279 191863386
2507409 620123037
28917980 482003410
494336920 75011136
312358879 59076633
219191427 123446625
495887745 181514315
77361103 59959422
410796173 164476032
474618892 302141754
44076994 50425494
578745585 846286980
286375696 379671019
22082500 46762900
5394864 2444640
102487220 585773280
129671592 73798471
397351968 466573296
377313360 125840596
394575328 295928923
140900208 59690300
867187400 228691554
335782560 139764528
9807887 25378692
746558397 134838000
484145280 380018133
762623928 336655039
183717454 532827834
396878308 467341645
55610134 8681859
358696632 753671436
61161744 103461644
12448990 173304559
339420438 145793872
123765259 85587071
25431932 60137706
922272508 410063538
113799588 211204110
683096139 45450278
53615030 254426706
156589469 144750585
156174483 383551110
514904636 180485336
24921500 164779674
174664340 572267150
164605584 421393505
275610528 186111233
393495128 624949416
187145208 563555124
437731141 988735473
296327680 146988681
561762240 83347438
189900294 451273207
8103780 27146097
454388484 255738092
17419304 104433704
480629367 787240944
352245293 235172960
613659264 172300648
589250000 375102147
257081520 203367150
64918835 36567084
83264500 363785884
93050643 4094508
129315435 97579426
34980960 66551905
382843368 181042232
127535870 511063577
572763892 236397359
247226785 210044736
19115242 382600820
11251160 275750580
377524017 10461715
305588580 187582284
636488748 836010445
335657170 229889952
112440468 411750703
1802107 151205763
571543232 127919088
476560352 326061320
398215380 31689933
720511316 57351159
117633240 96357050
32293228 285718170
91932379 447154290
486431244 278353719
866453276 84966640
405563775 130305810
123622351 673123000
189160678 352609312
232932188 299410000
24755276 101972700
193715496 323629008
277685370 345274520
43335332 34491962
471612358 98634200
25883720 782887299
125977524 14287623
738512701 424973337
69355332 334505652
275843785 325146708
645280725 349756044
22401028 399476798
456278739 676912696
283045568 24223906
724979164 375179896
285743842 191992944
199522071 615256480
230995098 450261396
71767926 572106393
519656176 697410292
365774585 34597408
200359467 5948461
102496184 90786487
138323450 168014748
440345070 246792806
1775736 514918620
293634030 263598560
105291500 147938856
46119164 75711909
230208088 47585550
49201684 8796252
81246735 98163408
27129069 183392612
16631748 209299776
444240288 77056035
121325073 568389712
26074896 75428301
4785885 385144848
16393518 755397760
407616142 480326400
118984230 13692078
155555748 460218684
468244307 14568646
298844160 268649292
7907201 53923662
96000390 731875500
384499812 324319464
117439822 2990046
212145351 205625520
62147092 471650100
545397435 383071122
500335199 26168604
322074760 198319891
182615796 164225280
238612160 22429980
131698008 105937872
22251255 84907050
13466940 142573756
143540020 402638370
60365514 61512400
414750840 164895588
32438820 209129340
60763527 43915650
321114820 56305350
173170076 173063552
239332604 838696952
124758550 535410708
138349749 50896263
583998400 144712512
137140884 149581215
70816257 127013000
273363060 763373864
80445078 473399963
340372844 56503172
312648952 29494521
17121795 319547245
1737592 146849890
312355473 123832710
43591310 27926568
72501568 353038107
148017904 13976920
44310267 815922759
149449770 90130161
135924138 243096545
104762790 78091716
106468650 38704884
148581468 618154068
420600700 220991360
179853476 115030551
662077395 455469350
385570053 43609568
48470760 42331338
514811460 77934730
595652211 3443572
451356400 562580357
99246497 207471648
240978342 239811484
526408410 21229644
12437184 75377104
276604778 327735972
50260310 81515073
160047503 23069618
41292114 607251340
687247713 120304184
74536475 41167817
20723142 565017129
142644705 272147330
413025368 18504633
95898016 499890072
58467750 164897936
27542464 67203097
79563015 658693288
70467371 31973200
301899241 85285974
345156491 69062491
705800500 81783260
490205898 186540464
360403126 152358400
87409300 548315224
600807702 279321968
11440320 66779595
7452300 29768220
147519760 81038720
200615866 45992802
215503789 242214584
152419042 88288056
49583288 3998550
83783910 883710240
239180552 748814451
200251066 213826685
20254150 154509872
100464521 693051170
474478345 349236846
141137060 344849948
114019196 41792832
55107708 315026976
294559870 682463160
92278896 38301920
551855808 762375483
601313420 754142720
321160212 82032132
10355132 355030980
146514339 176477339
7827072 343551889
55205388 584775360
191894580 14015860
386301455 66825550
5142042 382854195
51453120 82132556
727259150 31423017
204688139 568760692
79457784 421080552
291597470 314250650
4370076 70665300
513702848 13863680
151889904 371416472
85359214 86315698
395988788 237294849
106990246 572065032
187054604 66271944
13641355 295398785
8334511 69998774
168641925 93700515
211838928 59909018
62159750 769751514
28011060 570298943
135087416 495013518
276988992 416225568
224310904 5065394
191689974 526843247
394849848 401768037
316809566 388669932
30060082 155091425
765016910 205708224
88800777 227101632
275498104 212085449
271523340 344632990
73541424 1794408
470796508 198752300
654569592 103871180
392895466 88237430
307167594 52485832
397921346 4850328
37194590 11965606
179672493 331792146
305216352 20142440
786362916 261828430
389397876 619669666
99769561 33785460
195560232 302367606
916473 870295296
56908980 22696929
27312336 857079195
403664040 119543670
58511088 287830665
29387176 391813425
697202865 100047350
41284032 289911272
666543671 40328295
203650146 379529760
271377348 73385220
38847080 527034960
119788393 215899032
184903322 263398089
394978760 593648860
252016380 39011845
2580571 510872576
53594460 364375440
126862064 420674148
23446710 803853128
213180604 348891585
27688248 724703430
38609753 769198848
198275020 430845675
391416585 341316
322724890 865773888
18674522 370268679
91946176 175211802
800801265 299752992
57883497 75118596
200273688 60328306
66893304 215388162
366931667 5719428
69219029 577822266
55513469 14655432
511671168 11866155
125488818 264555893
591124996 374777280
337885056 71364384
424701124 19247750
338640138 45763698
327917505 418234804
361838829 180668928
145276520 267665920
5433181 142131929
587602826 25527425
764108458 429231244
599674347 62569724
113623056 5215860
38087217 26507404
433317709 311921610
222925374 909316520
548744191 79019195
157932199 23851500
463692564 355968576
115158258 423354750
44485815 20725341
841581624 286198514
