913
60992650 763907384
575159214 215907000
140322930 99199250
110711475 551583741
29674625 27631317
322979482 285668083
421534464 635352004
502898220 278748000
18562620 53111115
60917310 134455015
254126496 323931190
177974336 94194250
331680216 551161215
1981185 87758303
715027155 34467228
585949064 51035413
160831620 111673284
182855204 128784992
771261024 269753717
116565600 22352403
343127988 42238904
677313373 200877504
85698840 142815284
15035532 187621074
337602954 89826903
619057125 534449808
95799408 410739290
263668725 497431431
80339350 152234422
171960916 11020998
7753970 9032688
400118139 79731330
535960810 517378284
79558632 820115199
162646740 345789360
27252407 569700397
38016196 482684454
331073691 385361559
32700736 27662787
25234935 857200950
606367280 593176140
396492768 286098318
219036712 164787970
415708670 594278460
10639068 89025735
128136237 179029176
68695213 305682757
26006166 979686
20075432 220579960
129895776 103808630
147927950 319188352
506309028 14150360
63005392 35417292
55833121 270806811
178908119 176893440
54442177 84531375
53114745 281870024
18969660 2567214
671868394 8358340
4824208 152861403
54768348 676821344
533129454 5654662
111383091 31463791
55513256 383122640
12512505 77462975
253462652 93372300
227619782 71313242
7427013 472587880
3291366 47916530
504630652 4570872
338832312 333692515
35488800 728941420
399123920 374681400
234562648 55762280
336862174 706489656
42036060 452987844
215812188 6630748
554749559 241737280
138426816 716625543
559077264 157971648
144752652 940475200
325926678 104132970
395363664 430032075
659241492 400582407
336834295 7486040
74927944 267549723
138330510 429128040
25737912 7536550
10640860 4325550
417991500 430159185
154508131 55752225
81108370 59003400
607703080 148870197
329765490 630826196
734344425 170186484
21693156 353784512
15730188 292900050
103043612 65770201
260946927 572645181
207999760 16820934
43679948 64002036
61510778 198482960
929524959 258745770
61800293 236395074
64995678 399182963
4872642 124914075
131312500 151792056
543698610 205497207
137021664 1660905
353100002 245641608
285820264 572166234
85079756 93816077
245143734 14557956
179592000 198974864
110785345 145972320
427867370 248115646
37411704 954380
161012234 429701540
32836395 268696092
439909379 360173440
144185886 158590762
394913820 325162570
640057260 256715742
53630222 105227472
119936190 561699588
356141478 89659770
613156998 336353780
447922782 79816598
216073113 110826080
572890162 117356932
351396210 162824724
142293910 643776050
219336109 185267676
159162552 39932310
162601578 40679996
22615790 447249178
442809553 26759388
691390 146805384
54858320 52080256
101929940 574717284
93719988 280054573
437445316 40328470
238481208 468157248
219869027 746994882
61735063 696602544
88155891 274005601
518666400 43268755
372711240 321113091
90727880 321518187
756349286 849208576
245136444 114235500
259067952 74867984
49790780 620501661
14024829 204786530
3457782 208703946
286325952 93077994
468425370 322801960
216346459 601514532
246379606 184018186
336969324 112096829
394973852 327912668
27199296 302129607
184569350 263731944
250341525 231300348
625405914 36780720
32226320 528988821
121666292 102971584
267924142 28156749
92210145 420527250
23929005 32964570
484806696 151315240
595215633 18512648
25621120 148065516
328303413 236386392
2282880 512160896
149820437 566112364
21763365 23010768
262451300 1799020
5199287 36450447
942722055 4409238
161371089 76354160
149830686 211267160
502165513 7939174
460699002 309991851
6612390 7598395
658390575 265025699
4127048 311511862
675534816 13721517
550967484 57294756
38313792 489590244
119197212 62638961
110994484 621527505
188344436 594450352
10851176 421874100
112854623 186066044
585499530 105106275
711812734 12794572
232310295 340225669
142321952 309828384
222791264 7175325
189965188 250674782
72806184 2758980
45712956 35971702
87709253 98986089
24023692 181577250
15881840 218596128
192643182 24471931
740469584 207635445
315485520 30525460
356623533 486645667
56432420 125588680
428537566 4702150
38426176 450751518
240295260 354742245
235473572 662611230
11181880 88864452
315911360 159873532
306082211 143650017
440979552 153040668
135674006 634092576
573854657 666342782
106003648 135248952
2879584 238225905
566030552 625187549
357417476 463874768
91275030 585209088
113506074 200086250
26255275 248154
20761972 98317732
9240732 149705108
60924737 564527996
180917938 58251555
596550049 138954740
179404258 429715341
240417120 664466803
22498706 300018762
110247168 130584860
709651008 466917836
22622805 303052816
98160342 321326955
30496480 413500808
622915136 127685280
83944430 182929912
394847164 563449428
257161544 131937717
427396145 324796140
78818976 366132732
39403840 295377449
149680383 13047570
25899930 891605
244878894 33023350
602152590 239989860
523940124 735755672
117969849 270888150
377910135 542413928
38827431 4438180
253452840 184140786
173813900 280653516
46950636 203342206
52225992 75923490
184038240 657171680
464260038 282552957
200301892 88735616
161600670 18140937
666897975 788213602
227394393 72505055
630860967 480190182
81670284 44723196
759246048 388660402
646422441 171828672
139238541 449629440
154198626 55611204
164434945 428426190
674961 371070576
121010240 474264283
388942965 282784790
64290771 184456260
118255600 485692380
82222738 108631040
106444736 381802701
827300672 327649425
78167430 697684897
591506097 8442246
666079701 770927157
421924770 694854016
521718294 77246972
156127662 580571080
212814000 95496000
315105907 367326300
180230336 300786746
19464720 404660120
259510848 46404160
81507120 306410631
69718150 85558176
27865623 583039620
80506097 429234232
104577688 177211200
38021390 240860322
20893120 271013500
48862146 49367808
10804212 65791773
191701764 588942739
336981155 161867496
168036388 160283259
430070470 140179620
520343196 96957732
128638645 293162935
48881900 497658356
41493012 384238316
391998189 430484910
87430317 208895561
173888688 123930066
45045730 337006116
232298352 549716373
3955374 54098031
234450804 536722571
264198172 374521466
256372800 390948246
703438659 24713850
127961680 10869243
7640206 79100238
312993143 136168998
171095500 588187136
663874089 90361810
272656404 125508300
266584296 806669985
279232920 654383730
8419794 31774302
689101504 20085672
315302720 227434356
543462302 653606800
16579200 44776500
130817967 253278692
718714350 301341009
818350624 22875528
5303320 167335337
357241125 28651966
952722342 7142052
476138630 748080
209038048 2090676
3168492 765350183
68568702 84686092
238093557 423050160
120039526 230496150
687347195 157006866
328880082 719984682
379081710 606104994
203223724 417762417
232738480 611442834
19765252 105849004
134530638 93761580
732692410 134772309
20720214 136188783
85446624 277338654
512243132 516729714
422835829 521272332
298069035 118649736
582781563 137009741
79684416 241789730
6768686 437639424
552886682 555049136
703371040 62304746
432797890 408670752
367762220 347869360
33787685 647306148
944069544 390892860
624220633 513425952
259358988 497655693
29762700 237997800
11359816 75025879
7915488 841612455
62183685 476558436
16150324 366983301
446032586 99193068
584845937 189187218
162958110 502181042
319057788 667702400
111241515 635542528
954463356 290176281
89845392 70869725
44673490 235231440
546601280 269785000
86512790 1462537
43847780 488465452
394148440 232493926
352606408 488079319
32654682 189216744
306343500 229038348
10278151 592172784
212058331 405509139
185293186 92748392
79623478 209628162
92549940 18934200
367599687 645431234
201187124 139179420
259829818 471121695
60124500 28121580
57923481 36923320
181348721 53149320
54362 542881995
363098379 69081925
363381056 381201336
678086472 10167129
257106879 157153678
76758024 753127032
62409150 32429598
515381555 23907114
42028382 17075916
72567342 155269558
427095680 208843395
75085983 371771289
167559840 429633922
3427847 130354980
35430840 150759777
153267100 258830960
60098672 163952880
52924590 6958237
12773910 388380231
756956760 90761328
499299042 236674550
478378810 4583411
86179570 337540884
31793213 250625498
123316368 692740197
412376735 417655462
284852 116073200
466696608 94750008
218751736 246360158
100382598 137065952
313126536 108974040
334170328 68182082
18460467 5880408
252211469 674993664
1363231 264964284
92667470 334590396
150166961 80231901
492758890 102865882
329388576 3001344
845947960 75175212
44480623 139984485
122281390 364912408
952092603 118125350
751908000 73075592
52966368 236463747
425280672 12142694
125739432 430153568
367860920 807163392
7007220 73526750
216293350 13220879
513071796 541502280
337221898 401849961
56143824 260796424
485665042 357676392
871662330 151815800
2923245 421203167
302834260 92568353
96924288 46629930
9489843 35604142
700334118 144710160
35725125 662145988
573179140 15945015
241986279 438973268
185944982 469255644
29150580 96760661
38317860 248416400
79153326 18465000
883036320 203386480
150505620 507520455
394183608 59990980
304053024 251059235
25529160 211609938
751134560 721637686
225968000 10187971
59202682 350322207
254409756 293590782
430916109 70066756
405995071 305643643
11062000 227068182
129060740 312477480
402774000 28639780
573723473 259048152
118893300 114523161
62527139 355286814
1529902 319707450
578921968 476496588
87180913 227338370
132374863 164114020
3506670 389464636
107416551 1556275
882803905 14939097
413047940 198244584
518785344 41024030
160856850 663419652
743314808 204905618
350868651 82786305
159241972 38478208
449679858 549787124
45078273 14637676
298268350 52091910
476351850 144439174
115134705 9708008
48879740 422928176
120837510 65545572
252278884 3289024
78923808 389882280
80339680 400974612
4632405 842731400
10170720 193726923
14213448 12636880
140455360 11752241
318593304 17962769
632555352 18612725
49560140 254208828
280590555 325399032
260433090 211929984
275952771 113666921
267962244 156368225
88519000 74579330
21258650 797430404
151794240 203297904
446656500 230312883
6071634 224085376
147851064 224930664
690543840 286481720
399375925 170457392
22418604 13544284
114977280 14955453
32799520 385184250
82974654 115330296
550723188 304417988
483358696 73374498
253694088 23486204
237850368 43431379
376963650 76936575
1158845 16634926
123277815 319533184
422420198 764162942
135552526 337139336
895352 462837683
413196975 315216
132852288 499644684
476390890 478219900
794064420 346578523
789113038 54965757
609211098 61542710
41491625 25325051
175564405 349333660
395904520 171043272
341455488 71121008
62971995 243929010
9589338 80609685
24259746 7595344
301164850 326825124
62743472 506137730
70268700 221381424
118985520 366310348
286155540 305053133
790794312 234771300
381877320 14023
149172883 884643020
21944900 7909074
32278032 543674474
432955964 47638591
46524304 278262336
13973030 517496217
40645395 207218928
203768760 3717540
524509312 117150964
731417141 5042670
11727336 85470976
49137600 11700318
337626310 422163259
74634430 421529276
364493209 48843950
292600855 857079523
339913504 46633869
498839520 140573210
64872880 25236250
125533364 192252140
447332356 175814520
36552312 410953853
708569563 217090973
221966745 799511734
582680735 272633500
487793460 645443664
34075597 6979553
470258983 205594272
822338847 64917972
4917192 251887461
114575580 221762352
423500904 552747656
85361520 16050618
365943640 92071868
518282453 1709500
737206372 63635754
365631546 23214200
174023694 585592326
68757912 359220946
356367200 540509706
147556647 811417990
280112130 23644740
152502375 143304448
371206084 34252256
58878245 223625808
119034188 477505056
453533296 5318240
190515792 761608899
76110575 11071866
664404404 120647304
168702160 109782950
389213765 85521315
507256812 2142917
570274688 84166597
711604584 9185642
56283865 358979922
352918028 567240800
381702105 831663360
133261700 128051550
150044368 45341790
847187341 598599320
431040243 293890730
343952775 40429365
624107002 52353380
506269624 430249820
147119622 904134950
328501133 54381691
75150880 1879822
40881582 253170358
290604594 280133905
4715136 149422400
564576 155211444
602418788 166677418
556089376 699581168
17821710 456700215
125172796 74449240
778337658 92488227
224934514 151306608
224825304 138199995
101807376 546026432
442426224 655133040
636261040 80272404
204353136 3618240
302056680 56032470
331534034 359974320
375081243 14208368
32653401 359457220
18978792 31824684
15482538 49189275
54731664 224744808
315477294 282715140
99747530 7984368
134844377 236797988
556633194 32586876
148645596 531586465
239777920 92168384
332457136 112277627
202862904 376210448
60728591 46311309
228949596 231806467
520193912 277714726
177690240 371500182
54616355 100148026
475505928 47056050
733267628 394265710
72765968 185499669
242510550 386719504
367177734 453764206
304479008 32966934
73690578 8886210
179925573 747120869
436309420 643879328
78257390 13269760
301981524 8390100
249325824 428230206
658900374 7957802
152082555 148942500
133782000 417185583
4198370 437191700
129999320 103648021
84158080 99344525
118061712 7334338
47681216 251828181
107027050 399988800
22668716 173778012
148650813 686434164
724686781 8229940
135590906 194617390
94845504 79176446
214835742 121980040
85132740 473192726
696107560 74846928
377573510 384637800
291507600 16996736
486250293 9220354
17794674 35391796
61204248 204598128
303368944 155513328
627136803 199890401
648874624 20205180
363315480 27335826
6669588 649259260
60543126 8289148
212267880 313230100
5236604 153467028
265267181 42016254
342038216 266496076
668317104 33739610
421688300 292571445
383078622 208825040
650233056 75390853
334726497 479589561
462362316 411600128
442370224 203146872
470883725 282527679
286330722 108205920
548032779 705998160
172400502 102556179
156527415 147016240
224671048 587406936
545705880 32473008
110165207 569791348
147471100 145289374
103558026 478346878
625569651 185201352
78816610 297134190
88330050 48401848
170370663 574125600
382238080 31121112
298817910 140600627
399934704 367136462
4795104 532717380
137980080 181550754
142158210 91153593
133751500 136517582
239803407 695443063
938949125 9738702
489626647 209440080
351726000 367063266
404249912 243734841
270892632 119659566
48635136 379638572
58621682 123413250
6557458 298109110
130566460 207896040
428319171 55778910
10131792 224324608
343123970 65837185
42950700 30887296
90029088 544658153
161799876 62418398
565061555 203394180
107926128 273863268
101006620 2150397
634958344 390121413
479048688 3100836
19041258 28645356
625626144 854224068
82242318 538538734
554279152 664104294
171211586 281195684
284977572 236673270
15826668 205175324
257355270 175043132
19237608 239943268
403786048 714689655
109760820 70518425
49821510 384333180
58919100 122643813
451305366 10769610
291866250 166897172
395513400 36744456
525339524 376896324
637227150 406198302
334755575 426848095
162945408 58275384
520069731 468527800
52354008 510515780
78226496 82397158
101031525 70522243
16566228 639478710
213500602 559264797
77750652 961359518
248322641 6662584
256335420 18973218
58561664 113145620
50441092 202988100
3626587 297313468
90555934 52784581
714782496 307745576
455556676 105949503
63425516 130916340
8062453 697204539
202791519 562460841
89839085 23239640
9323610 151752128
45193806 271349342
3533862 522007584
55199510 354164328
234533244 3912900
358331462 271422087
289386426 208388040
48879552 145711664
252594813 84533940
85176588 169848182
418864512 287164150
9788776 64056099
423962960 76946250
41121940 317446421
188442716 25086176
471778956 431949152
5486440 82482580
227652964 39192608
114885436 203359555
218802912 337240669
176245355 48712590
676616928 166362702
540423186 524174733
875069040 95192832
265440890 329702243
197831907 48391515
428355150 712715544
271903302 190401875
185493924 320682576
212076224 512925205
352318824 125654593
427754285 234045585
204717630 856844079
62501504 100999275
43028664 58493158
20882498 11720993
85891344 94219270
42096320 24104575
430579893 64673210
936653355 51483131
303761440 436164060
244212192 41230760
42098304 31987530
664425 457562208
783950181 288323112
10322511 632414360
23585121 123620396
707394873 63965945
757110005 559561725
795769610 4197123
20570208 219933279
499054532 96004720
686273838 190152582
483903120 215718075
131805267 388124867
79301014 86881374
55616792 60984387
313572905 211747676
22800624 117884985
614940334 406293272
23204216 219775990
82706525 46986160
40136911 825464874
34268562 5963886
7175294 59290208
677195680 261675540
127497078 236972494
7195216 14484120
260856783 92165602
102863514 60146378
255708312 300826649
62140014 85033514
61047072 401555402
327650575 170506572
29708210 289672494
2054853 19473414
13539000 17280360
19228608 315295248
148268395 307912416
24696444 429203281
161121834 87218878
67470348 488567216
768681195 504781794
445204872 754083134
728373132 72559674
88215850 19397178
27866635 389100400
866006370 718877920
437591405 101994676
50533221 53793516
116230128 701017200
59696316 278999069
183694008 48209733
25554124 876272685
11506670 339807732
220830722 356855382
244932318 79069783
205226632 37342296
613918682 47039931
21930 87241920
62231915 132917724
41032290 37711621
625113417 28331596
113734026 49038962
65186898 24137304
463834070 315559026
229802300 7460810
75202104 403161394
14859327 24095560
27135696 24375840
564042417 205117280
79166400 62431172
473626272 246716485
115322886 283253388
222994464 45217056
286043060 461936878
198014243 23694810
389804080 183984876
79159560 94013304
