904
79734537 281096190
52920684 341023500
83844519 786707490
419089055 20403405
51691522 40019868
658056225 48180000
237421272 431552786
163993128 684102330
54862254 310747584
416469679 203962297
575487024 78994584
370807536 44559348
934190400 569521336
414308601 312098082
670467675 72957960
793562008 82613475
339172275 786449924
364367150 190855771
909298284 369412844
356847162 77702610
414674703 537097600
234785706 405914628
63319516 34206873
78490050 123449061
49989620 804810189
433463635 336341005
66330938 289434500
124725744 174284910
156650301 190808007
196984320 666778648
529167164 211191962
777936600 373779780
85948608 329315424
180783772 105808234
302101694 184323139
351660960 141379584
344269035 147661668
77824985 277986657
55147560 412124904
197732544 3991044
164703063 7445221
772386762 57271203
23552289 13844094
957181800 157113788
377571717 299146266
124910928 447394827
686795674 986232951
220218688 158260473
115781892 496684995
383535450 41827582
20422170 12230449
431227636 32479070
495528000 111636900
328968662 355067095
8636503 340969300
408391688 209973456
817551760 671173764
95743539 14189392
186386536 559639500
507020697 105136836
248744472 43559439
71727579 222274560
382570180 495750645
73226480 12092696
41899770 2004962
443976912 420992250
969340594 135147072
361754817 576584500
164041306 58826368
197355242 27694600
366692864 599183392
137499076 69975150
21003588 44345430
786111520 104563650
500641492 77903176
97368930 328006315
222336378 269578140
649119016 652396012
478454922 46495080
340261768 850248048
216378729 69537143
802292680 32635434
89063310 85508514
427138992 14408184
35183350 40710600
41249969 803939388
594184595 259724988
939189095 220730620
450629500 107079320
344208810 11845927
88381909 213755967
204061824 105378921
202990800 18784150
234675453 28761856
44816394 150624976
257579914 293963943
135210698 282576320
64895831 48210366
24849370 110025840
181123945 97231120
363101459 135547696
111990000 534313010
639746400 368948360
524528349 262703900
5661380 405167328
262658970 211104675
495838048 240958440
56443520 202908093
121958560 636792910
521829450 153412848
671449884 184745262
83123403 503873760
256912980 81136660
19435515 228124108
36073440 125861086
171007620 296979984
60936216 679100694
73758930 4415838
233899310 639992430
78256251 4313505
499942744 131823444
33323282 99151424
53282970 1567545
475600300 366175272
338289196 89904802
398105088 230752662
325291260 270186144
605393641 306183306
263576208 59107932
307888620 449745209
501315948 21581615
419985541 103322960
114259800 6438434
260839296 98240558
662225486 227870584
471536973 699677772
128886464 103221880
40026924 719098765
94427730 46350396
184581474 25334965
933515328 47913460
118854804 225881838
3920964 520719958
201147880 231133248
18137618 668671792
237723052 420858038
158637645 83782232
168202496 370312776
42183405 30584880
572437910 19240617
433599280 85989530
348877184 30596517
86983875 16269170
715984959 470053236
56574141 672236560
97811640 322578484
61934700 488121660
36268680 4154023
275414056 234290888
170524110 44594116
94495610 320277204
301058784 343356526
34786080 165435228
130323634 337502662
17185744 561952662
127235080 417252472
19896291 336924142
837631960 444935350
343430020 236396226
156407896 724021116
304579980 117692659
496612558 238867840
272852188 478624289
117097071 49997582
287518773 125729968
205776612 659942654
83854560 378977560
148444144 135615060
239833519 342876450
222844266 31609851
244628600 625109820
5805078 96668784
244383821 794839954
33332704 426070008
1189780 628734048
873358552 252247600
403993599 153821750
470676022 286240608
1201665 222171378
553025096 68672496
185469129 301626565
127213524 64373764
412611678 156971230
63218677 57777251
110340400 7052964
130420226 761500368
503890985 74504276
698132708 93519560
114250795 105593807
214325360 5567242
51730588 251930117
408869892 737133167
156034560 635032688
23230880 24906933
464082270 234863340
69294254 137244
47773364 278431800
238883700 776280462
113566761 154957432
335199975 69307733
699516790 327167006
848560950 206769685
20316096 99482688
420971888 81300400
647914744 96267907
195669720 358738500
866186524 409026540
446597580 72057330
554370570 245601087
22777656 200330866
147052200 43735190
329237691 448288750
412062137 228856848
339023137 227009232
196245346 206358300
231446148 274708840
81891753 78949915
348039920 408782816
24355221 453667480
67617349 397981998
119521246 348681007
707426196 63653205
539144320 862518448
636221560 614535936
376952749 475058721
355166628 250924602
143838656 3005206
90903598 35120400
112177825 404038422
886450214 27299208
397158434 53397408
36058140 379236585
149994738 240395080
133517376 309134208
691760182 596451724
558022816 730836979
318812403 87328983
364216482 159209085
285105128 450601644
19233474 97141450
254473872 145639624
115449567 329294199
125361260 548357220
438360192 367266690
242708417 776460743
577795500 18271175
132363000 7471162
364194468 715826232
29817184 249895650
379838634 198873778
279697068 41777527
272801528 724091490
230016444 647518100
578357184 54678676
86234683 439148080
268222 2811915
70067400 88654266
95824458 773322750
398085187 502847619
162612576 27058843
104314752 169852093
142531299 293513010
13903788 357048270
101512638 322487802
249130052 530477740
323717315 468105280
210736740 589781374
198264248 72720816
208897556 44036586
725679324 382440800
519728964 119840028
515005680 223625562
300796160 91549809
108554335 814832640
667513950 189418760
128576160 341242020
202855010 374954816
264045207 347414886
3851650 110118736
411309272 303733000
498622908 327949272
47112330 12074420
57111216 269495876
388154931 583869760
14053626 13638555
714884130 740336040
100103742 439475250
266693280 204960768
577984680 89410373
595680540 51471836
41862912 685755763
219761784 280932540
109621185 125229735
106680694 154006628
67823457 189906948
55142997 117854484
102641968 36327281
154427000 182856
104448690 125792316
20991170 229183360
10235646 304336788
110777184 227637744
89585240 659476897
143808528 44449699
68600352 17978880
451072368 208883486
45337960 83686603
203313294 230098344
128564228 259724291
517174075 640215150
62405509 53423916
77465201 127272834
696550584 665788824
426411525 230034017
345725205 888703452
278242594 6563470
184917630 135124200
579538638 81166310
95640624 297512436
8202050 257909586
112567438 43830792
236728912 402389208
45406711 106470144
685444478 78458658
68571456 49533113
612111780 88166506
156008945 304493244
324985777 203896380
319838172 208800
166894223 55325188
29341896 201559680
252891584 134889375
660115897 615877911
71159655 312001602
48581916 33787764
83666765 168456904
450460556 206506650
83012440 203745216
371258576 173546132
95891194 64013760
36867105 161422100
424739728 712870
4857000 677456820
120475600 43264320
780522480 117161451
196182012 444368838
331980988 59792488
159995750 108112242
398122368 15552617
31747310 67700334
522253209 266048130
108658616 57594834
53053432 274655280
318573025 197284248
109083699 265378600
631155420 274209080
338232488 19446622
256975040 209682702
68364660 158402239
56252797 161309734
126450302 472338587
9566712 22462080
336633830 90066053
603358623 332702754
479291900 295626550
118995950 780362604
690560991 308485550
185710368 397782308
354168512 225957589
20579248 167482469
129714221 175758560
430354665 129682450
2833344 773209800
123916309 156101100
115151439 610160490
24693239 638423967
232405500 144099072
646624199 422094159
195980708 473688180
592587712 39806150
594916926 152251508
406636718 68088400
5121804 140028780
242450685 267104970
599736628 39330816
256582050 81940476
297248 185704110
260063616 147755874
636777186 293359600
340539160 562497565
338035610 821171207
38757389 36119676
46462210 486290556
185104764 196782169
572768172 125594275
45944395 52217690
127873564 123191478
27596412 130927524
146968248 44019732
246664565 166345235
171532908 208340397
276742102 343917849
140725710 189649480
397783890 229238424
610724160 514279825
242212608 614859245
33696348 88951936
171627472 822316605
456965955 442162831
340364748 61825638
237387915 20367648
77131054 374020168
666080100 411313136
72464100 131085423
399160700 406963782
99188588 596109930
86684474 226524521
605233394 136245758
333661394 510002460
147305123 456574278
2500814 6947000
313376946 338345160
483695037 190420000
29600632 369599018
457954266 31112037
372338766 597346254
32379376 384513870
621915756 134645490
454516792 591798016
645378305 189058660
49104544 310540275
500046058 81232932
52369776 752536848
80519373 81020460
32063035 524347506
76035861 108887814
241315723 684797490
85106652 624985796
135486905 23415780
300296416 32223906
179397624 154743615
50957790 281794292
672419603 292658688
564240362 303494144
223939131 557249994
408484768 468003528
21886869 94267800
148499769 423515820
468902738 607184915
9782340 307131015
44724672 4694746
212607698 118266966
207631000 237940604
33793200 912643036
21659029 46709562
119991520 16378286
192768195 82180448
576854208 294418749
278627620 533365668
339118920 45624761
1925280 16149392
170059800 293727444
330263804 83403540
22856562 65879695
63499080 236353176
96547572 4400990
189038152 479977117
65403072 46666800
513444550 538066210
335092240 586657872
410546340 94507305
901312848 99674560
53443215 551106758
539887855 312173742
189011676 538975382
11723544 185418987
775480060 253916320
310427370 489472984
332940911 235184796
198592320 1151095
397927228 75106856
67024671 192920905
41914488 123529779
266645691 250415088
685264050 469880703
593306988 193642976
576519411 92537960
2185560 256728420
814302459 8920732
942552 509776840
368706997 47161023
439905600 39875994
327809120 364896288
172189150 504299964
667258344 626261726
37005804 28724418
486375684 354424096
94448470 365527800
85478778 133304262
8935632 238140960
363621015 211862806
163821860 724822210
46942830 877912195
539102480 80907600
190738454 277969536
49506840 74754900
497365900 17745564
187311680 66491928
222369072 403404340
65773848 559279440
144339492 19533648
336645968 101297520
13841415 453121910
597940002 56673080
24948639 690551424
162563919 540439120
78098033 206166972
7474401 27745783
60723838 20753117
158440903 357898506
13288296 713018691
98418886 775070842
36528652 168404967
482346319 4381680
24766240 143224653
159323130 208874704
223167644 124944579
573531090 239790937
98265450 97846070
135191592 432022344
312937184 236005782
185124460 758601364
166579770 410980194
431180034 165967860
19359980 64225005
26159646 704802485
234244101 725419615
279509132 5682094
222483525 724570163
120522444 64994335
414589660 72666384
11205882 382436256
96717660 826556660
645217760 31580240
392108472 186654336
358838240 22780488
346194810 98753910
85234760 2170636
6017180 731795472
4440774 223271075
317921160 274606878
33372104 200382202
9976311 168960374
506790690 386717716
97246758 348919128
133769328 92100470
240566735 639869184
79938510 22080180
149704016 6783954
148721448 443819560
83122368 400059774
231844410 84125972
502331864 489122508
353836745 15889824
8451212 274987072
18237043 101308305
7587160 205587877
433120160 39259404
589624048 412569013
340832448 441378304
361599070 37313074
39421753 32928864
221665191 209145897
140284030 236408952
359750170 619464634
666622884 4737740
64284936 485620224
899844672 485637350
154507810 33506592
4926930 434551992
240044214 143412318
65045536 3530132
114524444 144757272
126478950 844028238
83204784 39567458
277798192 654376077
380070768 16111098
12974912 44165538
178098100 577415550
321815600 5631876
364700151 215848798
255169383 17114099
274533700 165925335
16040952 186818700
789886762 206426060
219657228 323134694
415452330 787757751
59429730 45686344
191734162 411725790
243842988 26974200
424556106 499376124
278579547 169386520
39796416 218430784
10219180 325189663
507006984 24554018
236626262 21224808
103689885 477439095
257080360 92772849
316947260 8920218
402101568 114996018
567752769 540551385
106201511 418615790
744173285 82840417
682743780 44928940
44659800 123394726
246431598 65486263
44020650 65511489
784737976 163217748
515369846 12223650
440180 47126205
292325815 77198808
222646560 502700580
32878828 594579609
59386075 283426200
73747168 556650650
510956420 105927404
332768345 56141013
241709472 216983760
128000070 489797329
450601601 228111650
113611541 538627808
319125600 209406714
19769834 47252792
442569155 18480188
498657750 422605532
741681920 21443343
305221230 14430893
124095555 428727984
183264547 449806487
193289907 123455977
27766536 847462650
791363232 175623714
144342825 299878828
336250505 675448920
499921125 113232548
718961796 7978800
554787531 136795740
439426575 528507658
113577618 42386400
477534980 638545381
441025572 342899501
94390920 57385776
12961150 657139784
118982472 722126196
447992112 94212195
505496562 290605428
259959968 61829612
185073456 406695763
13718415 175122624
180119800 104682525
257299411 352086680
80827098 198386560
337108275 157742712
272081732 445686144
45263512 273938464
111324020 278578439
230802530 369542610
7288267 14975824
40889457 148671970
162870612 121730230
73693152 398577816
161524182 775408350
238608768 32701768
13186794 23649300
324921828 7617858
149314392 93297426
154837890 71043621
364239960 603661674
143749518 682918760
314253580 1593180
166296075 144193354
118677230 654059028
30664800 161954400
604928700 57990052
278794467 242751372
89992146 12104204
187986900 96954442
472861411 423814128
72464652 136125025
14875020 181359636
282516624 699981602
24053589 149037105
14926724 953491
153938808 177710688
7726080 412766850
377113326 70231885
775987608 114324516
599980896 583170108
6162082 7760195
331267887 285321680
159767058 608959501
33364982 130616856
164261514 9205400
1207668 82564457
96677213 11907540
124664526 141255890
370583280 176629650
627775424 58917420
42511840 454717406
116684650 241361546
18932808 11310636
109735668 45926877
383845663 292570971
93701160 59385056
222124470 312919524
6189858 141190049
315187740 7430472
356096052 578559527
110278035 294394308
412051430 561238308
30011168 397833840
512734720 355841135
262107578 11066334
37719604 60561369
34269183 63005348
294793849 105200501
962414442 8618750
72760680 204794272
59552753 269495803
63592980 722573680
70573770 308681088
416585988 50768424
275387444 495598050
247431336 302356494
141621590 173239573
39455122 414822
588206180 256413846
334009122 429395520
161104090 59482530
58395995 225119328
335190717 49090866
33202170 6282870
397898059 112573776
960438105 28224074
71126715 545627325
396817240 637849116
322456017 540264900
3189560 246310280
772014243 672239072
6019666 720404000
71689184 369911542
278908154 28158580
488255569 77862856
166140116 323582020
226905317 168862955
164132787 767893490
716784690 794675366
89772267 408355728
5787406 7740530
180379948 205979418
122761130 705763575
64915480 18935070
117320141 64525010
228209488 708812556
156433046 76199508
403948556 75566304
505733088 687335200
52435614 520711919
39088608 528433488
300140576 202251088
344776954 1110046
169854900 373756815
184723154 977773200
60180480 603604547
130647462 395385914
362788720 190573152
712921700 227121362
77187540 21607275
191570960 192445380
122100147 69187510
49908449 142077208
301997203 3944
207681955 30091404
162961716 34774479
153446496 535046850
150094639 483455912
2143960 3845184
200302290 244441098
527237660 14557734
124953604 646227052
307797105 147477492
41635503 241644750
582457234 172721202
687650145 127887276
674549115 116032490
404485710 384705720
291598380 99625627
294817761 129848160
568824945 814013134
167007423 107673292
45585904 674468376
775995840 310982040
199295544 47496528
771215200 227410656
277381122 384353049
17921838 34630130
50168552 61175775
255739748 717997294
627208200 177841968
330789640 667198027
895252500 128539776
88336248 726491904
95809789 239909664
175264840 62983266
183046864 51414282
105302567 59927420
255815970 298235478
210692634 71587125
417188450 138193536
445599945 7771224
310139808 10567260
371781046 414209640
317287700 289839165
90241600 387446483
68949333 665648760
92029541 390817398
186947164 538209936
583499007 9053790
141421098 96890780
124758058 73481382
365720795 54329984
43222320 281564220
93517326 455232932
170686728 135126300
99975414 87517854
69810867 40765419
133125304 122952135
397642 439528416
126748134 384784276
258250143 270825840
10030230 989524700
223083413 222826760
212527320 382194136
360880828 154816542
295587585 238201275
62669145 327103134
309692020 26453796
544717190 565511360
408046410 635169289
14553637 336963390
169651335 264761136
146516370 480445944
39641940 123568225
253487666 476050860
864310475 308488859
28245558 167715218
421522560 103561957
348654328 72651930
136970487 4385006
742854400 190893888
210277522 47413809
158186446 17611128
310846445 129878196
91080322 310968009
3257708 252777140
284878499 407145998
197996832 327945763
204404456 255924225
196976340 44321238
99504504 172245915
699302868 15240940
117844122 56544176
248486832 120066966
195348960 69330552
148806732 276971640
149165740 623570871
826924752 141103170
517604238 54761980
107907018 93826800
443715220 15176576
583610156 22516182
798122771 606245982
148205172 131239004
24386704 12648546
225665802 830714400
420934017 334726182
104969592 92480510
62369340 812468624
134762654 426259450
198086490 581923660
11422665 210560280
165751380 181603900
529586200 332898672
971764893 317268090
