165 373 74 89
13 137 94319
137 133 78184
133 90 69536
90 93 60213
93 119 51624
119 153 64663
153 11 72928
11 83 86326
83 69 77317
69 17 64228
17 163 71759
163 108 68974
108 151 96523
151 58 61186
58 20 52006
20 156 96662
156 7 55713
7 113 65009
113 110 82477
110 48 85511
48 36 52481
36 35 72786
35 162 66874
162 114 81712
114 147 51924
147 152 67443
152 74 96188
74 49 85777
49 118 67841
118 6 89738
6 111 86102
111 10 58292
10 15 55449
15 136 63967
136 8 53328
8 91 66549
91 158 82380
158 95 60588
95 16 58973
16 75 72018
75 123 66052
123 67 65255
67 34 75824
34 141 91174
141 122 85858
122 51 81583
51 33 99712
33 3 77843
3 103 87310
103 21 81933
21 23 63594
23 120 74382
120 9 73334
9 12 66108
12 26 55916
26 85 76191
85 125 55021
125 101 81068
101 40 82349
40 131 94391
131 82 50492
82 87 96076
87 18 63985
18 132 91818
132 56 51576
56 144 83855
144 143 89463
143 105 87298
105 22 89642
22 107 69424
107 66 95348
66 61 67899
61 100 58775
100 41 88142
41 68 51188
68 155 78411
155 92 76926
92 157 95616
157 117 94197
117 140 53945
140 102 89547
102 94 53456
94 63 62736
63 42 75609
42 19 79093
19 5 92904
5 78 65355
78 109 81477
109 31 99275
31 73 52081
73 154 78054
154 145 57039
145 79 51004
79 124 70642
124 86 58277
86 142 50933
142 28 95911
28 24 99674
24 129 91867
129 1 58787
1 150 65523
150 65 82567
65 148 80345
148 38 56522
38 25 86734
25 81 88712
81 135 86576
135 62 52438
62 55 67419
55 139 76823
139 29 80330
29 160 68290
160 45 50841
45 76 51957
76 96 67954
96 30 61910
30 80 72460
80 84 82906
84 126 52326
126 27 91982
27 57 95110
57 165 54180
165 50 52464
50 146 91864
146 112 91950
112 77 76591
77 72 51092
72 32 59474
32 97 95864
97 14 88537
14 161 71905
161 70 58196
70 4 68860
4 128 50746
128 130 55815
130 121 71768
121 53 79110
53 43 95390
43 89 66017
89 106 74285
106 159 54201
159 46 62175
46 60 86837
60 104 52847
104 71 87326
71 39 80497
39 47 69692
47 37 70840
37 138 60427
138 88 66593
88 164 82379
164 64 94285
64 134 93995
134 2 67523
2 115 55340
115 116 93633
116 127 82933
127 54 95156
54 98 55882
98 44 54443
44 52 59429
52 59 62589
59 99 92753
99 149 68057
115 111 57890
146 35 86746
1 134 50076
20 133 61905
63 55 91092
1 60 66452
96 36 86142
147 98 78759
104 80 71998
138 63 59427
51 54 63741
36 117 89581
139 4 91065
104 141 77075
165 146 50550
2 27 57129
105 95 88883
66 65 87342
164 60 80898
158 106 74579
162 54 93558
98 76 50007
145 55 99042
154 151 92713
38 113 56192
109 119 72336
127 137 63250
123 37 85768
20 56 92074
159 74 55347
66 46 69768
131 15 99166
153 93 66456
144 150 96093
15 30 88768
114 5 59076
21 105 80655
107 163 61100
13 136 61859
3 75 81286
54 28 73742
90 78 97577
43 90 74504
131 4 75141
53 161 89190
46 113 65294
160 33 70460
106 113 85249
10 12 98186
40 105 89808
54 15 89431
44 15 98358
143 70 91918
70 11 67744
148 164 60038
45 46 64736
6 10 53850
2 62 91675
1 28 98896
64 30 52497
6 87 64590
52 119 65158
13 163 56310
95 82 59709
36 43 70012
73 75 92421
153 91 70377
36 58 85801
7 12 60451
67 136 93611
79 55 52083
100 164 78955
156 87 97614
63 54 96015
47 162 57809
156 46 95182
41 106 59621
130 33 74280
138 28 71982
44 116 89332
155 158 90204
124 95 82337
13 97 89758
80 52 59461
127 57 89451
85 145 92026
121 148 81615
22 41 85900
44 25 73951
107 99 97426
43 23 77897
96 132 80813
142 164 53126
100 35 50986
18 114 99032
146 8 51559
131 7 89885
134 121 58445
65 142 67159
57 104 53957
31 98 78451
12 121 71496
163 2 85160
100 103 67843
90 113 75070
32 148 87713
82 75 57597
89 102 91613
131 20 63691
27 82 53980
128 58 92742
41 139 87252
98 90 76354
6 11 52452
142 97 78113
56 34 77166
62 54 93267
139 158 96420
52 100 78193
12 33 80731
57 87 88518
77 155 80654
126 115 78532
16 110 77656
92 143 89611
59 95 75453
115 89 99975
90 30 83993
152 48 88201
106 93 97901
24 64 51332
55 147 70853
21 128 81426
163 135 69744
15 150 86842
21 162 78665
65 158 54960
154 83 95175
12 5 78681
56 18 88397
128 109 65254
101 57 82477
59 86 78002
36 64 73722
93 97 51866
47 93 74711
79 81 94340
71 28 78402
20 163 58015
93 30 86724
101 152 53262
135 161 52755
34 122 60624
20 40 53675
132 148 57598
31 26 50926
107 46 96745
84 28 98149
74 95 94230
158 27 88177
136 145 95782
3 76 86463
79 81 94571
133 115 89653
164 50 52771
115 120 86374
101 14 56886
62 134 88463
140 52 75705
53 125 61654
144 10 67416
165 102 80507
143 146 68007
114 79 56288
156 94 62313
4 118 61792
136 50 58426
99 37 60144
138 142 58603
132 107 98678
24 53 88997
49 31 65402
84 71 92927
101 155 61029
90 143 90373
83 145 84227
105 33 98370
110 17 89658
24 23 55976
75 132 93689
25 47 61973
83 100 57860
20 21 93212
163 90 82854
112 23 72165
15 61 67046
57 129 77024
57 69 66733
88 37 91834
150 58 50096
151 121 56419
70 30 62135
90 30 75316
50 6 56105
140 74 58309
79 50 59766
71 93 73577
137 49 96253
164 52 66988
