186 309 33 161
22 40 70938
40 177 62064
177 54 91697
54 36 84532
36 92 60147
92 97 87757
97 29 70023
29 133 86278
133 32 81436
32 137 52402
137 166 92799
166 4 55727
4 141 63800
141 39 81944
39 108 72150
108 118 71581
118 126 98011
126 131 63594
131 90 86265
90 35 67577
35 155 60299
155 183 73978
183 21 71793
21 172 93876
172 41 81936
41 19 80045
19 110 68771
110 167 55523
167 14 74656
14 72 79788
72 57 91831
57 16 88868
16 49 51138
49 80 77489
80 162 93026
162 145 65676
145 119 84483
119 175 80856
175 47 50251
47 139 80354
139 161 67917
161 69 60891
69 186 79145
186 147 89244
147 180 51573
180 113 85951
113 124 75221
124 107 77361
107 105 99660
105 66 82609
66 11 97181
11 78 76117
78 185 87053
185 102 95846
102 86 66989
86 132 55690
132 117 84498
117 130 97249
130 91 85812
91 129 62902
129 95 82877
95 87 65264
87 48 81688
48 31 93293
31 120 62024
120 53 75022
53 18 74026
18 142 97426
142 178 80658
178 89 60338
89 26 95300
26 67 76369
67 128 57095
128 37 90343
37 109 95629
109 151 67751
151 100 79943
100 173 92690
173 23 79054
23 61 84525
61 70 73237
70 38 71724
38 170 79486
170 144 64439
144 82 98883
82 182 85274
182 59 80689
59 65 94159
65 112 58113
112 164 79406
164 158 62058
158 121 63333
121 12 61551
12 24 53422
24 176 50300
176 88 94495
88 148 85192
148 28 80285
28 174 89456
174 68 97794
68 64 61243
64 50 64589
50 136 97678
136 179 60076
179 79 94177
79 115 79911
115 6 88690
6 74 81006
74 114 66055
114 138 66596
138 42 97437
42 135 60834
135 140 64072
140 154 81828
154 116 55698
116 85 81951
85 127 85269
127 153 69232
153 125 79889
125 76 53809
76 163 88839
163 171 93564
171 152 85639
152 98 55555
98 15 67797
15 71 96468
71 17 91004
17 149 96674
149 143 53319
143 5 53555
5 45 88350
45 3 72690
3 169 83477
169 10 92542
10 43 66711
43 20 94228
20 134 87832
134 123 98752
123 25 66392
25 156 54646
156 168 57745
168 30 68226
30 111 91527
111 103 98781
103 56 54078
56 75 97225
75 157 94344
157 99 61654
99 2 93043
2 62 52315
62 34 75935
34 52 65068
52 104 54148
104 160 86443
160 51 80770
51 55 50615
55 83 52926
83 7 64642
7 159 58383
159 9 99303
9 150 89507
150 73 83941
73 84 98324
84 165 73791
165 8 55823
8 94 91272
94 46 89914
46 58 83654
58 81 82737
81 33 81529
33 184 70406
184 101 56871
101 27 90500
27 146 81665
146 93 67658
93 63 58286
63 60 50947
60 122 79810
122 1 81288
1 96 61716
96 13 62443
13 106 65737
106 44 97088
44 181 77578
181 77 57432
15 149 89100
186 179 71492
77 70 98384
55 31 96647
59 179 81082
76 99 58435
113 140 53138
82 8 70156
96 178 61144
160 53 52738
126 149 90844
144 182 94144
77 80 80845
166 124 70461
165 167 78471
84 145 90826
17 16 60321
176 111 81334
157 88 61192
179 31 52936
14 22 70099
53 49 54334
55 179 64921
94 45 53729
157 13 72473
51 62 71686
54 156 81508
58 43 57349
47 123 61893
75 73 55081
20 49 76237
49 45 97278
155 94 62115
102 89 62183
14 24 83720
22 73 95205
50 116 99554
9 22 64751
105 177 93222
119 173 51733
124 185 93379
60 145 76658
44 159 81991
90 104 95561
10 77 83908
98 114 56276
174 165 62919
95 66 80017
123 113 95262
137 81 73016
100 167 69661
64 121 53225
95 144 51342
183 68 82371
43 71 80361
69 38 63437
76 69 61410
184 85 50963
98 154 56165
142 132 51612
124 97 79603
82 166 58523
128 97 75191
39 30 65123
150 22 74236
48 95 58862
177 125 58450
18 60 63046
111 28 94737
128 102 93365
75 37 58079
141 126 69151
71 128 86074
22 97 62777
97 64 53715
75 122 65781
118 113 65338
163 27 75263
47 157 96912
47 44 62774
166 144 97408
36 40 62886
52 137 87926
104 109 53577
94 12 54021
80 28 80144
1 58 58773
148 7 50957
16 177 79819
125 158 55300
177 71 58432
66 46 67574
33 18 66038
76 137 87832
45 181 79027
84 53 79643
157 126 80559
27 130 64714
52 27 73420
103 185 77058
152 52 95614
49 54 60044
138 58 67794
16 20 54555
101 163 63343
29 138 68743
10 40 76847
26 81 65822
138 27 80908
35 26 82502
92 171 56393
28 184 60973
82 8 93181
48 72 68127
67 36 77648
169 127 54068
28 91 60588
88 105 77438
35 148 50724
88 152 58344
119 131 84410
57 106 62711
106 54 51756
29 155 50281
