102 289 24 4
16 89 51878
89 58 69266
58 65 88928
65 21 82369
21 44 63443
44 67 59659
67 78 91610
78 6 50640
6 100 95899
100 70 73420
70 91 72960
91 37 56317
37 57 52720
57 77 53539
77 75 85187
75 45 95948
45 83 54487
83 8 66714
8 50 68809
50 71 66960
71 93 60247
93 35 77355
35 73 89000
73 33 96399
33 80 85570
80 29 51429
29 20 99213
20 72 54955
72 41 76321
41 5 53563
5 31 70472
31 66 79971
66 22 66186
22 3 57704
3 13 96387
13 24 83584
24 94 86036
94 63 69517
63 85 84507
85 51 89556
51 18 71878
18 61 82687
61 7 67004
7 43 75803
43 32 85048
32 99 97896
99 10 96765
10 17 50389
17 9 72770
9 34 59758
34 55 80171
55 53 54346
53 38 75167
38 98 88455
98 26 86911
26 25 87698
25 81 60781
81 69 77248
69 23 77221
23 48 51000
48 64 97916
64 88 98163
88 27 65801
27 60 66684
60 46 97209
46 28 56835
28 76 65414
76 95 63553
95 90 51130
90 54 60042
54 102 86121
102 92 83006
92 97 83998
97 86 82001
86 4 84706
4 56 93777
56 11 88218
11 42 63551
42 30 81108
30 14 74769
14 47 81061
47 19 66696
19 74 63019
74 84 99885
84 36 92495
36 79 74390
79 39 94907
39 82 95330
82 59 62094
59 68 68408
68 96 84881
96 52 58619
52 101 84735
101 87 89491
87 2 72107
2 1 84209
1 62 69020
62 49 57558
49 12 65001
12 40 77648
40 15 51368
5 87 85317
67 28 82382
56 41 52160
28 31 86283
72 69 94483
89 32 87528
10 93 53415
93 44 63860
84 8 79364
66 17 54729
34 92 63004
82 51 77540
23 41 67783
4 38 87727
68 102 99574
87 26 55332
79 2 89208
20 1 92269
89 9 77669
15 20 90501
52 14 59355
88 98 71961
100 12 61179
27 36 78794
85 17 91037
62 73 84458
78 33 91678
67 14 54131
3 78 63424
63 7 95255
6 28 82374
7 21 72512
69 100 89122
68 42 66896
15 28 50307
43 89 73902
49 74 62886
91 20 57322
56 85 92843
29 55 59373
25 76 60147
12 90 98350
3 95 90165
40 27 77801
48 16 76165
27 1 53024
7 84 63796
16 14 76247
90 43 86805
2 12 94513
10 100 61989
52 24 63077
69 28 51276
13 56 57719
69 13 87163
69 33 79838
54 30 51392
97 47 73512
21 5 67992
92 66 78363
19 51 75949
18 62 88301
39 76 95766
65 37 96933
28 10 57957
23 36 89929
95 102 93865
12 58 75689
68 99 70118
32 72 98580
58 1 78970
53 72 86458
35 90 62884
37 64 69114
49 47 78085
79 38 67082
96 48 58639
67 70 72507
48 85 79740
90 24 69037
74 29 79398
21 52 69307
2 11 83634
85 46 76040
70 97 75105
61 67 60436
26 40 64923
68 83 59191
54 21 84510
63 58 69969
37 22 73183
51 64 68967
10 23 84693
34 97 89627
89 40 87331
72 26 79883
70 78 76670
40 102 96741
41 23 55638
83 98 78519
49 55 54207
54 72 83863
35 91 54049
34 37 54278
21 102 84445
92 101 66585
65 68 63702
94 46 99686
29 82 86656
24 10 81264
41 75 93061
29 33 57158
74 28 89481
47 82 84533
12 14 62538
89 28 63097
1 35 62383
83 73 72263
26 72 86088
83 64 69285
32 102 96616
10 56 83368
55 42 94257
83 38 67943
16 67 72721
16 78 61138
83 101 52137
49 42 65696
37 12 85683
53 22 56262
79 9 84808
47 25 81068
18 31 87794
24 99 63152
9 18 77670
53 62 92993
27 53 93388
87 56 77541
29 93 72399
62 56 83984
85 95 76716
34 89 61505
14 82 90069
28 4 58877
42 16 97644
13 1 99892
21 20 83314
55 50 75101
50 17 71784
92 34 65083
27 61 99537
92 68 73649
28 93 89409
27 96 52014
44 74 68824
57 2 88347
63 79 68801
73 1 84862
39 80 55393
67 15 83885
56 94 69592
66 63 96717
93 41 75096
89 62 95868
19 61 92011
69 58 83653
10 57 63253
4 42 78657
34 8 94237
42 71 59949
101 94 80657
24 84 61662
42 19 60671
10 23 77420
56 31 71883
58 61 70471
93 60 52109
55 26 61150
90 35 73144
44 23 82641
18 60 65400
66 75 94855
76 74 59467
7 54 74358
28 10 75096
41 54 88733
68 57 53119
12 88 76152
