144 456 114 56
30 26 83235
26 102 89856
102 11 83543
11 128 63067
128 29 84818
29 17 79236
17 4 81403
4 126 60583
126 47 55489
47 112 94664
112 141 68905
141 88 51852
88 63 50652
63 21 87234
21 52 57393
52 33 79911
33 96 59881
96 14 99241
14 61 79746
61 108 90911
108 86 70035
86 62 75196
62 109 62022
109 124 55040
124 129 89889
129 142 82805
142 58 65413
58 99 55294
99 57 66114
57 93 74298
93 72 83526
72 40 80323
40 115 64729
115 5 62889
5 51 68502
51 143 68405
143 120 87662
120 89 74147
89 20 84485
20 121 62238
121 139 63080
139 144 59767
144 100 89360
100 2 73217
2 90 94480
90 8 54330
8 39 67458
39 41 73935
41 91 73785
91 46 94085
46 66 55004
66 114 54850
114 70 65748
70 48 60124
48 6 96129
6 3 73653
3 32 97483
32 44 63075
44 43 69761
43 50 85636
50 35 96295
35 97 84890
97 79 65309
79 37 67005
37 71 64374
71 117 67683
117 28 88418
28 78 61671
78 85 52508
85 12 80964
12 16 87410
16 103 87484
103 22 89309
22 76 77084
76 132 99215
132 125 60574
125 13 84401
13 107 85536
107 31 71676
31 116 91231
116 56 64409
56 36 69991
36 135 81198
135 98 66001
98 45 52194
45 138 58837
138 59 93134
59 10 88510
10 127 75130
127 34 82487
34 38 66455
38 55 63893
55 119 93946
119 74 95858
74 68 92302
68 77 87692
77 69 50394
69 65 81432
65 106 53611
106 87 69212
87 27 74205
27 122 89249
122 54 58140
54 67 71641
67 81 80408
81 118 79592
118 133 81752
133 83 84393
83 137 95101
137 123 82896
123 19 55855
19 84 95997
84 140 74601
140 131 66643
131 92 94207
92 60 65882
60 9 61577
9 1 83036
1 111 92734
111 42 95118
42 136 76622
136 110 82789
110 113 75760
113 80 88699
80 18 53985
18 7 95547
7 64 57185
64 73 77118
73 75 87002
75 130 64000
130 105 73323
105 104 67828
104 15 57425
15 95 55417
95 134 57627
134 49 52754
49 24 68723
24 94 71398
94 23 85800
23 25 61195
25 101 60901
101 53 89833
53 82 51579
7 54 86251
7 42 84227
144 92 91646
107 33 70098
114 103 50052
126 71 70793
44 73 79484
107 122 63103
142 134 88770
140 69 55617
85 72 87977
135 76 73900
63 134 87240
133 107 80323
137 136 77684
49 116 71421
85 93 88197
106 133 58799
42 26 91055
41 47 88847
126 62 80794
55 108 55044
68 59 73041
98 71 72578
85 134 76204
1 63 91845
119 45 69900
57 103 64474
72 117 55292
32 38 81498
132 74 69983
139 108 80475
104 94 85290
8 132 76671
28 76 79630
127 138 86492
111 137 94547
11 2 86536
18 46 89799
85 23 80251
19 114 97997
1 78 69644
5 87 93058
27 79 80048
64 81 96163
79 87 95162
137 7 69182
50 124 70868
89 116 56294
95 87 74564
4 119 59908
45 142 67108
60 70 57833
108 11 88603
79 74 94668
7 93 56674
82 39 90835
116 86 82058
79 85 61035
101 115 68023
127 12 85247
21 35 76190
37 25 50053
119 65 84228
130 37 62917
27 102 82650
79 105 79708
74 107 52635
142 13 98387
107 109 78622
43 115 63664
89 128 96096
132 111 87680
5 80 87807
5 57 92548
89 42 65054
18 9 51915
134 38 55874
57 55 99277
7 3 64827
91 10 75748
7 25 52328
71 81 82614
77 9 63494
8 32 84820
13 38 75588
137 69 89953
59 50 96833
90 62 96751
112 7 53931
30 130 82004
95 128 64217
46 142 68661
132 65 89175
63 115 61184
141 81 85605
102 71 51883
74 140 50522
22 138 50117
122 104 84222
10 122 80722
111 122 61590
98 104 90347
123 71 65505
143 39 55858
72 4 91126
32 77 93299
22 64 96973
27 102 99196
114 25 82213
124 85 88604
143 123 50135
119 133 92696
71 142 83966
98 68 75020
86 137 50055
94 93 52912
144 62 95557
138 42 97793
103 111 59199
54 85 50671
143 86 89329
110 37 55658
102 135 79095
144 68 97252
7 71 78763
133 73 90283
125 120 87003
66 85 72362
111 20 74329
94 84 85666
140 42 83054
139 68 85499
61 5 81997
28 133 62250
64 69 94964
26 65 53732
137 63 95746
81 117 59807
96 72 70310
82 81 65335
127 70 74694
143 5 63379
102 97 92167
84 95 93964
14 27 53011
11 20 58499
72 91 92796
55 54 65176
7 116 73184
20 15 80237
60 99 98519
5 17 58379
76 1 76935
112 137 57851
59 27 83144
64 98 57960
25 105 73964
44 21 87315
1 112 87891
138 19 97703
31 8 89206
58 124 80410
120 98 57206
60 3 81068
32 67 92188
31 43 60215
38 20 70388
67 84 94604
47 128 94598
132 27 81672
116 61 67159
28 104 65311
43 54 68465
106 17 52849
111 32 61313
56 64 85071
50 65 59574
45 33 93711
50 60 51665
125 11 50945
53 136 71619
141 17 53705
87 95 89571
61 76 83079
58 120 66524
94 28 85119
28 98 83636
137 111 75925
143 97 57595
144 80 71299
99 73 76283
62 58 73738
75 28 62470
57 40 69522
107 133 82836
136 64 72549
117 54 62424
89 4 62763
48 13 60630
131 53 67795
18 123 62708
33 138 90050
88 53 83075
134 36 64834
30 131 84616
112 103 89887
24 102 64638
53 39 85046
78 5 57860
29 72 80399
80 141 80175
126 57 95501
44 74 91133
99 104 63356
54 48 70173
110 65 84007
24 95 98785
24 70 98225
107 93 83890
66 52 73002
123 64 86878
97 82 67870
75 103 64494
138 34 56053
132 79 61429
125 138 75336
130 95 99909
49 17 88913
124 134 79877
65 97 66718
125 19 74084
16 134 71031
46 116 94767
115 15 96855
38 76 70863
15 126 81183
19 5 71467
27 112 56984
35 107 80576
134 11 55668
1 68 66738
56 61 90586
135 139 64906
137 2 85103
66 21 54816
17 41 68343
122 79 87218
82 45 95511
137 13 99039
95 46 59066
13 19 69243
130 77 98331
1 70 64730
52 111 50951
55 114 62002
43 34 92563
1 28 94988
46 6 93865
108 134 61431
71 92 90239
75 65 64300
30 39 53996
140 130 79855
49 8 53535
92 36 52471
35 84 63892
13 142 91209
28 123 54489
39 20 93588
35 114 82781
124 142 90519
50 138 68996
72 104 96709
5 131 95563
69 91 72720
1 20 79295
38 133 95914
40 44 98374
10 45 57020
22 69 91871
82 55 63549
50 11 82843
138 107 52542
64 3 55567
124 8 70026
107 4 58635
18 46 68842
144 13 99925
10 86 86337
1 10 97272
132 126 89926
88 55 79410
117 128 84952
103 37 51926
47 102 66163
90 38 84360
136 44 56090
97 22 73962
83 25 55475
47 133 68093
130 88 68256
31 91 89946
17 91 92289
47 9 56688
119 82 66466
68 110 58972
16 68 58269
143 17 66807
58 77 80057
133 112 81437
98 23 91401
90 56 74558
