902
45445825
19432508375
11191238929
13291073963
5344454884
9490297052
19078077749
17790245026
4753971430
16543096230
19190939911
19139604411
17404445287
14509311397
15841816730
11072590277
17388650668
8578739631
5107987746
13787822042
4283224252
1157012075
514775019
16237013727
4714121104
7696323985
1875698208
1623953918
6971849757
563741287
19419674408
12204549728
9387696418
8820052490
6962059626
6287400619
12885097089
782360629
11324352673
8212213038
8050232456
8561446310
7496839564
5774232520
4436853401
18118853873
7814882626
1252732261
15833862195
7817858523
15090559382
11131442556
2127278825
19995570277
6847063179
8646475230
3497773557
14331087662
7568842896
8895783857
12899203214
13199511194
5077345066
17484584117
15330135820
5361383380
4825912624
120634058
5226794434
15850799032
16473103966
13512061884
501382007
12440433838
14162652722
9083698214
16276720369
18630900017
2237351254
2687659658
4909041779
421525800
2489003666
14134247354
6152117857
3238745551
18953562609
2384957823
6553364565
14203544039
8065750593
6417546898
8449748629
15225773749
14794793963
18630449294
6119026
11534055543
11069008643
2300049023
1260769037
1666300074
18407655157
5645845220
130536461
30326439
9655771888
945519584
17443336347
19806772501
11855382409
10015441507
1027422108
10186137302
10714338820
15209643297
754733766
13728355933
947852024
1387031916
2039846668
3251653840
7819518951
5888349048
4602183531
19862612709
16892087533
17904359781
7296450422
14681247668
16460425537
4659884745
16802755892
15905407885
4743157552
1295286934
14356571013
1970454138
14241180912
15184289944
161344034
9621848312
15826253791
5641695644
9736579321
3102568875
3217559575
14747104405
8998934408
11016329651
10018861692
19616624764
2211648285
2994491098
7395501282
9907269717
8319291329
906656264
11550982486
8329423863
18648092311
8460006159
12928098120
17641999488
9358308651
10831982544
15580314742
7228592307
12604995283
2643737588
15988082278
17977399532
12768853630
8295649815
1642823108
9749687875
10406496736
13086107595
1929832890
7346225947
9863983033
9862624552
4430047601
7301275958
17525506175
9331794784
17699630381
17000924509
13346996735
19868721334
5402742913
9069489983
16026065432
10246915215
14570138732
5076028453
8553104534
6315715921
18839587630
2980933083
12994290976
18080952391
15563925752
15955103561
5886768764
19948596136
10226572596
9806480958
17206428021
17379580099
14413387267
14732188389
5609805171
6878265671
13470258899
19675354838
18626801489
11842770408
14196244289
2035745474
17164486390
7671633254
13942579774
13276250597
8056874594
13181963823
4354216105
6401252214
14994450127
7439567795
3087877872
6223805072
13851113423
13513935950
10285310967
4684229106
2466663825
17585149836
17170234910
7448152188
3108381095
1429958987
14671962653
16215607672
17275816581
5700065030
6042602483
3912637072
3700523712
8125808024
13551919850
15450796643
3749451670
1921393958
12790160549
6140766615
15119603679
14625737697
10686056323
1659339804
8364683022
19682406997
11998405631
19475476174
10611344510
2982428061
887243182
11601930617
1824974176
7111128740
7839155571
6452089452
5048666804
14341633178
8715064206
7714793411
9491020332
19718907090
14996176345
8297693496
10171209470
11120777804
11769871503
15559299460
17958037978
903666694
8761110920
4326330394
3529337274
932530535
15300668915
6422962426
14457346499
11647992640
17005830960
3502449919
2487999878
9282582692
13869907721
16083102981
456019764
666886566
17204542113
12678943115
6925005361
18104962396
5404596738
11179030700
2106979551
1022521775
8657020228
7268211485
12990024822
12115595562
11284363337
15287436048
4074659749
13384695949
7921205750
7704761665
9169333382
9313517484
8122075083
4714418757
11517819108
5512605178
5660057677
7518879012
16121207312
17691325925
10310823906
7540185969
10231097791
9119655787
8882427722
12630424676
11740975659
5418570333
5209572312
8458713512
9586064674
952319797
14044034468
6833414467
11597762937
199695824
1731173565
2283851267
9591475727
3749607984
13364449149
17058796040
7591237375
1758596624
3967739112
18006477782
3990731234
18779972911
14909366735
3377821400
7337714128
10054168452
5360240744
1643056787
13535058625
17947408211
2027088387
1615720667
4474382448
15990985519
9974957220
16482305453
3149122467
2019367715
14243954722
6557870209
1769150620
16106428878
8142160989
1054576861
7253007471
14138030295
16227127660
10940889310
17859861980
706481169
17848080121
17996949927
19511086528
13868313547
6097077458
12239626935
6534097507
6725639670
3539633188
5426243820
1822557275
974259047
6065252843
1200848798
10364464992
7704085710
19367158939
6112514572
16156549322
14993417480
5925403972
17515344966
4598238453
711871901
19770170078
19182906433
7138053345
12120222732
1613099108
3149236067
4939890780
5726656429
19021339444
8786162319
17720946136
10085487317
6603145762
14577716218
15609949897
12911374073
1799049530
14460481502
17266949124
3652247799
6428931710
4107357092
12327026596
3048034703
5503511716
10383318561
14313381122
12125761991
9790817665
8845340848
16302775049
15789219506
204521963
15609142953
15837301322
15392828098
7912911101
16562696146
18715264922
19161240460
9252910307
3980522417
9071788783
19594471119
3223450938
8275952541
1932112384
16186823749
18475746539
9665386332
15716972818
2738209453
18345891524
5171251068
11866128527
2774962370
19660252217
4024733814
19077185734
5701129736
13718837283
3030747770
7265462633
7011697379
9069653873
2116228228
9031753965
8721619304
6332863410
10342442512
4286540681
15230637400
11209298380
7949876616
18604604700
12735599430
4566920727
4940891310
18645207307
3289109633
5331115316
10508594344
8148458439
18236175564
5559277529
12641222228
7417179430
11085312551
18927022001
13724351261
17596758596
16071042996
18492409705
5104932632
11717217964
8406294977
8293527067
14723443682
17762640079
12604907916
7832423867
11823816899
554803220
374007842
10494267492
17362825022
9621786100
14464387843
6008600500
625676205
10506939150
16654304308
16352448566
10099219733
2857131973
3354919265
12232975270
18154267452
6502607396
14527765958
5550916427
2267871321
1729978409
17020538356
4290765048
17259900578
15508141156
17023062774
7680050033
1509162038
6516125515
5961927412
15603425834
12692563436
13418834216
3458955146
666086153
15819279096
11119694107
6524388569
10131679779
14961718432
10253308308
18708658548
12321799217
201869017
19133837387
12654641453
1788779041
7735790330
9896406750
4500642283
1088562016
18857088215
916816769
18329905873
9545208449
7176986676
13532945518
14255337897
3274299089
3266240979
827268633
9217668017
735709294
16129725831
10877949541
9887281279
2704544301
14706881508
918952607
8238818172
19374663545
14447945512
18556757898
7793713852
18158260712
8857982265
254626230
2958861472
2719298025
16665384827
80331201
18606544006
6131592160
13304656300
4327322079
3962094698
9718064981
5131726672
11251071422
3673453011
3877167761
9446417536
14741270260
11041159220
2573998747
14231051073
16051299279
19200868633
8970013632
19341456621
12786539520
17408119245
3083312641
2702960674
17747087218
11951278530
15178179690
2894707976
10730097492
15649160085
4120313384
8747443117
13103984103
1389182524
18432685613
6837178282
11159410128
17505783748
19031017774
175968909
4532615879
19003029993
13123438645
3993704879
899804634
17275924278
12269061955
17141761353
18784774340
18783520529
3055507852
9892478153
4772270969
16434728148
14236642362
4485852620
3838225917
12953882704
15609137619
8704727092
10959287257
8930463038
17891251907
17870768268
12840155289
18272741477
5090437617
15127189166
19080603895
13896050697
18766204136
3210047048
9769292446
1303990879
10579297226
423217927
8911032092
3483571990
17287149495
3650156014
14450121797
8842231853
9543888285
12322753595
19690297097
14284059352
11651377064
14904174187
19646994407
6260950156
14913280270
14814088170
13013409517
5108569008
4624484616
9861469667
1773735073
7537095639
11707190289
10535037287
5898601825
8722914557
18759871738
9808052940
14731725721
17809505681
2899747077
16079966195
7495348158
5052993112
12056669839
17353511072
12490882156
14886730473
15866462100
1017916090
12738702241
14497055466
7260003616
9540875400
5308302376
9983411278
17938249373
3019668759
17192888222
1555412305
18094829658
12558860007
9106732573
10235219111
14849859056
18586060637
15027682092
16101282748
2826779407
3858453330
16777781204
9351735978
15266162146
15010769808
1232293790
9451317161
524515000
16674452453
719951982
13502838885
4280505527
15899602808
11498155389
3705385545
15409459687
3857583928
4169755631
1359249117
8589720513
6915436639
11307445519
5408369188
6355255505
3702189878
6364535875
3927550839
4293522395
14762794156
19158768784
6987011554
7727406830
5035428522
11756694909
11738592561
11517703804
6636658456
504404904
1526616098
19417458235
3006602809
17326001077
14298877332
4305453362
692116357
11096800835
16182509257
4725116373
11314709386
2995739148
15576030213
9618302589
6518585700
11231603131
18356299384
8615745919
1275397987
11323499137
4935221913
1334340935
8071346361
2545671860
16007205359
1159676923
12633109941
18799509907
5658243594
12110574627
16278935094
17564893182
1852566473
9613140962
5121822116
3301468337
14229963218
4202570995
35244938
11857591896
13048106118
8496008531
8088040397
4545264282
16542042594
17452028707
10132429452
4717567142
10514433265
18315519910
5239227618
6919337677
9208730505
6249132643
3152804321
16448577662
18051279547
6123570956
3051455293
18911970391
9198760749
18648385367
13439055610
9087536281
4027170231
3413903219
2992633419
7569576302
2998007767
19310016619
3747826955
7733788858
17319745637
17398475630
1108911901
13119645889
15717252038
6428796028
14537418414
557780387
16141634722
9636604870
13396016949
16322049857
6740268733
15879697547
558553689
3161811619
4254119424
18831601616
497385460
19518754376
8307859957
13117780012
10355563161
14464452521
18082252651
11970157677
18073556388
4861240921
8114329033
12902758633
8135657804
14918956800
15449596444
9319484488
1583083671
10259771158
18535416135
14339485243
2675658542
16376301249
7958951143
4247949512
19764090483
7118304343
513474772
7505516903
10388418943
18538807676
14581373813
7352002688
17074478080
5943810673
3639926058
17454979374
6700057046
12112517429
13380334018
5905469616
15798708163
12572657155
6988344707
16302041958
723992798
97028121
4404453725
3984834631
