251
1599679
4739830723
13938801840
2832011530
9236339146
276242845
3426182614
10757005478
18167971690
15835442279
18514406158
1847860644
3940813202
9214398983
9481678632
8217124333
17325565066
15214614346
14235155885
12314046150
19769827201
10754436451
7147464650
2775684660
7294298628
3884412938
9267687581
18248422735
4721597107
16277263627
2404466810
1255345358
18937308200
10400757852
19935413453
12926808793
11663704250
15747436136
6831118841
1039962698
14646079141
12904202400
4377843658
7288145154
14527950673
19211549416
8365484876
14590696924
4261486108
9244325344
16156181098
12211862477
6237108452
2588352504
14015075843
1525204387
11960589806
17987649888
11217382171
18894354902
15773932501
4097491039
12361138018
3083153088
16400365374
15643950181
2894643450
6021759361
4315740313
14109235978
9557432198
3166100797
2978562895
5576383125
2946678259
13468747757
16103387346
4923504950
415858840
10319038575
1306971589
4245038327
4199922898
15628942750
8366082299
1698252652
17016084699
5908534138
888726430
15150808422
9420024062
1535475648
12789599482
15168940629
14474167501
8668790276
19894423223
14786634600
4283313347
441194637
15608427151
15365920083
17015287707
10915331363
3107035535
11429379112
14049558794
18849130326
19335081156
14900655467
5563716837
11703364324
3631349734
16054402445
7088743052
653206588
17302445077
2270437904
14157931896
18250595164
11716294511
15832398626
122897932
19766957155
18938675538
18555902132
2203882750
7424550959
10437177268
18556144156
18288671399
9803601495
4870433300
9580768475
19027380052
12025407649
6197957635
14870901985
19112832997
12698693628
17027224780
1744821598
19292374266
15872432376
16494939025
16722730957
3382987090
14241513090
4414829264
19743585711
1991321450
19357458991
13808704760
2614387863
4117120778
5296011905
4205301647
8910984303
12251066819
14551401320
14382305131
13972136676
2316520747
14550144828
15411182491
2736001971
11258793515
10288716233
10316066101
14747697577
10260116044
13875076139
8197352033
16529686483
1792269528
11359003689
16534654214
14434022181
10617671085
3977701826
19171858087
14991597169
5334454064
7934487703
17107024638
88714608
4464408002
13797176067
17538107064
8580804311
4351784845
10654016776
15714885935
10209491443
17810302361
15572320981
7156963097
1348502168
8788721863
16281264302
8964235519
8756396410
18167642574
9399936994
11256162262
3428854425
12466669270
15111672792
11746920057
2788687422
10678900930
666052376
5933181390
13340290994
3097347628
7321188654
8437857579
15662727759
14277087006
3437801921
3143664812
8006369004
17767296704
15072252655
4669926565
11661565461
3130732881
3549235149
251128099
4517985334
17852346599
12277374078
64826687
2238115807
6860323035
8458118580
18996908584
6587489279
17572385533
5204477987
7737778476
104783770
17623644200
16738344525
7751380483
16957078231
5443473148
19184668953
14721474284
10508354795
19559070218
7565971967
