451
29622988
14045898026
3514893596
10835626118
11480740572
221785916
3730350780
10030127178
4274548163
6329972538
4688645751
19388494907
1465006677
6175022681
19897390746
9156905730
18824820818
9193998855
5022155127
13991319077
10115688392
6822839492
2799476454
8486132512
11285576571
18739512109
6954473846
12293632017
16806789465
17412636822
6045732292
9241705925
19494626711
13618121453
17283724573
8667800933
13382256438
11308526934
16793488674
18146830808
9988522332
12075254695
9039708860
6227068471
15182925665
10757064632
11535876045
8398539926
4134568869
1197387175
1960824498
19730031523
13315675696
12026007196
12519475014
3392144252
3493113148
13454577390
9818704456
10705138063
12219453030
14885599556
1862652996
2653445010
15310308764
2311338803
4079915458
13351865816
19829355893
13997325757
1735722980
13716326203
5250464674
17850223243
7863776402
2137954535
14881652416
6642700221
4778333570
16141680136
6345390072
9579694012
19743801331
10439314073
7963678767
18990987808
12845696514
14851040465
15824134604
19111263051
4948344476
12369777043
18637997554
3378979036
3794219610
11405916653
13884486692
9114762462
11077224496
8037434257
19352645751
11710304579
1615014701
16221427883
14233437233
16221722922
578011625
16673581536
13804124863
7360663873
1771055506
16781308518
16440094137
6111390091
10424255844
13799568160
15580738850
10656672112
14239037800
2147226692
2961348264
7830984387
3060418372
6005476077
4741640381
13519276849
5533367142
14963176776
4979948045
1805139607
17233759081
6409068646
8674821080
4534349401
3415357446
4505207369
1329119471
9142215543
12037448796
19097699996
15967091947
8555613151
16848897823
19521550925
16544254272
7799568907
6480124391
19827718728
5856143810
19857679286
5770314377
16447781873
8142926902
9587154118
18646379614
6387747223
13269380231
4833910088
5703698209
675967414
15064045125
14308061548
8221695696
5876766062
8194234088
19683813369
15221981825
8552022097
3722546440
2013500071
5012935867
13524877422
8192927425
10819794378
10730649817
1260289807
18209112958
125745640
8258023553
6404151276
17210193314
3326945928
3741584672
13137709123
5606366856
16068997614
17909257778
9561335108
19217491403
16739103982
16209976249
11306007404
3690490195
16342912282
17545968548
19213992130
4765226484
14336909271
303111966
1248802222
8605740732
16931764133
4782757512
15372494395
11958220564
19682419444
9720290058
16911247318
15325427028
4705625384
9304767630
19949674110
3141789298
8713859949
14142527741
16965868133
19139110013
19957165930
105499508
11725018995
13086757868
8501351370
11997245813
6770037890
5590502727
16166388724
7400011919
19265951462
19924396901
5154675643
12551740428
7223959016
9335219994
15396144411
5807625885
17651174370
11316154708
13510346744
16326682018
11342444624
2473072114
17516075422
13759265735
12632803165
15024869642
15305821036
9488214912
11794721274
12223840732
10383562949
8492917056
18734239343
17228165227
5224556961
3937857076
10230786736
10149432698
17397537871
9088957910
17397073518
16750182974
14568934751
233871257
19482345149
17320492607
10145377427
13691918316
6006343773
4386877007
4489386008
12426039465
10933819679
11537410790
10396425658
15965861846
3121671108
10248179440
8384518318
15521982971
17231708884
16515729216
12982336461
4426358839
5560581859
12931660857
3464509983
7240246747
17966482870
3080397459
5864892631
12161684725
3240563373
12392084022
13135078123
7207603721
6519782662
18324776496
1028333441
14393071944
12332707399
10674457339
8687065496
7274100790
5588538807
11917106455
5415647007
6698967796
9634665530
10577296881
10457916142
3750640713
8637286568
19059502805
1003437570
8908509827
323016851
9217748021
11961238961
16230789758
14480942780
3114585405
5648058981
14992450693
8864275687
16268330206
9420904811
10574121901
9078873347
843009938
17560683572
13909892693
16977676176
3222866218
308584330
4253288386
16964850183
18234299319
11633370456
17047772193
14111012569
16431272780
1035746524
14575240209
8452217396
4314358798
6718468153
15754780241
14348313707
9355549876
1742405325
8686215353
3154764952
19513497154
15870437405
13110582965
2017090604
16863658815
6020641030
9099472677
907756620
16606998690
10742394999
684818916
15917258368
15205775604
1699639423
17583499812
273691900
15892975452
19019030448
373947808
16077567365
17628601532
17161858008
9451770535
12370543309
5524829758
12658282698
19717948201
5599169881
2483715878
14292498757
3833559769
15449367717
14865723800
5310522423
4019294309
1044316902
8090040895
7589913835
16037760114
6660150629
15398985398
1772777966
497670097
19115708348
2787458608
17029312479
3527926741
19173416573
1698779784
9187507265
17319161418
12046735352
18602666847
3134777158
17391578247
12847915735
9692096060
2497964389
1676175562
8620504669
5026913531
2777889570
8959419528
1637145654
6649373295
14158291899
3518276663
6206523869
3243749108
10334077129
1625354610
17198315593
17129098107
2036917590
9739863
1458390681
18629178687
9708608306
18063655848
12030629661
19097790175
17492435376
11361526667
2629482112
2334115485
4987099992
17737445363
13621226734
14712791423
10485853679
1227106451
14685067960
10567590753
13755376265
19341969830
6350351366
18864180674
5091771630
2551399374
7270036867
