982
532256 883901
924810 283673
49204 602288
421934 123969
500106 373741
323309 71289
432341 534231
910740 87160
199313 168855
698390 524968
816150 371968
223577 601222
843999 593844
639550 611268
815256 262311
881843 315860
464827 108531
946137 821676
561821 338238
972929 154533
828983 726236
443459 588281
97124 952865
142361 926349
536190 911466
981231 665080
563722 807654
361303 964447
572771 772147
910922 781914
436227 292555
234049 399509
634312 177086
460732 106057
239944 703488
107588 338110
626071 206566
761973 992257
226628 353521
384342 607914
846912 407197
257428 730651
371109 958029
645865 688773
102904 194547
888646 975851
116459 991280
434192 549623
168814 852246
230510 478803
200897 97985
817521 952180
882460 822662
37991 257301
22522 196055
952569 619276
947368 198751
569876 663886
991783 851330
747340 309589
724662 260023
142801 726821
836147 765457
49469 283959
762654 932931
202837 770473
337420 582234
956634 449449
838310 528595
973 328667
258115 45472
779802 550520
247828 201598
285985 594992
624208 901432
226737 543896
892634 655859
579746 604187
378344 296216
324378 989870
966556 958100
153337 935692
281168 686821
690913 69098
668903 206297
562294 415558
87921 901445
703751 640005
174792 322646
756788 424493
747501 776909
211028 939653
622390 344642
591787 760947
823994 673938
405046 146747
538250 121466
57478 11131
105515 231270
444242 959713
404522 482014
456939 193666
643170 908621
786114 542997
486651 740349
461850 345591
962322 615750
553727 648433
862847 430361
78557 28018
281182 984666
522682 520752
600362 800488
221252 467198
303615 90786
882268 803055
658423 494490
937086 980715
734099 546080
406608 328607
992505 4925
833866 368875
991149 783004
909867 622668
341703 951886
514791 400959
695064 166607
624141 500700
876392 482632
494304 832417
252198 236109
455642 238732
406205 704125
293917 989013
157035 79997
266474 557897
910979 689497
995719 472131
250489 900949
787558 907941
544258 414572
663769 295401
748686 339156
969261 80060
683628 93783
733023 939307
688038 138265
58158 905808
880126 780085
454172 781995
813921 290488
237920 570825
451684 763142
603745 450975
433392 119466
281243 527981
233648 302304
872227 765297
922080 9944
378232 517692
427557 388609
441656 369731
285590 684623
618213 29606
72020 336804
947208 369460
279165 732337
972046 67136
384067 560241
487430 880435
150101 149150
181047 434760
339479 871282
446576 89904
300249 200253
356228 276789
297281 900751
78046 862417
876769 156109
101572 202176
583810 492149
648554 357887
180029 381629
293753 440910
384202 776988
589849 386196
643945 117431
74836 529063
904848 788452
701240 891243
931456 197327
916444 867990
143742 382005
112619 324583
884353 433092
65626 273854
516414 733153
841437 129984
476553 836094
427541 735825
114081 397879
567376 257485
323745 736915
582257 123161
372269 730235
22166 18412
953672 535224
614936 206555
489927 786447
947743 862950
263390 389250
584497 8620
598005 219264
256295 984655
152715 433337
486635 88721
254739 462508
880174 563341
573542 477019
176879 470070
198479 248143
620617 266314
62646 966139
61436 927247
379171 914862
972259 179214
10500 254729
606368 579259
933084 922883
958848 602211
893821 255315
212580 949354
436476 367919
915060 935028
234328 855908
550035 644628
764127 365913
766926 563179
478399 542024
688169 858356
601261 425756
761402 719226
801301 399935
361355 161101
887120 642064
777898 62874
443455 360520
490306 525378
142563 198884
707079 420725
370114 252503
64794 197649
706714 545380
279252 362888
370219 596997
572573 118338
264604 200442
168873 575091
205445 88289
710817 977226
615922 588477
107589 290857
13139 68401
656180 888979
17187 440321
200409 396188
703719 351258
544986 822016
514884 78233
748983 930753
512049 256057
687533 664203
247042 26622
935587 928696
477312 522328
471840 479174
24557 949994
969415 183930
945358 616969
597410 896021
635704 278655
570879 358026
300092 547717
912163 42515
212742 146903
339846 973264
554690 774427
139739 440689
624232 538645
804227 537276
710831 886925
70580 144759
664522 479110
859885 158519
179352 396034
44431 275940
321876 565015
588501 51036
825401 215248
261419 968713
150467 949635
203915 665218
436371 803556
856899 180554
533945 911568
818518 637089
935329 329204
83198 388404
545235 161442
611622 63350
678696 794516
685099 638984
750782 359243
660839 508020
807725 512368
214427 530846
71895 261370
146487 639052
581454 561408
576468 56367
362003 161416
130088 208244
830264 620260
965602 592841
655040 187252
488394 183409
157637 672769
432106 868255
932077 916684
950075 287112
478836 34465
483972 18209
204093 108827
452233 291118
476847 536052
630539 518001
298950 866252
401171 681263
668560 266087
608096 134714
343514 466119
29884 468016
395550 273716
428700 550276
579555 289327
436039 682547
684214 231524
367540 486768
10215 626605
400165 214503
312164 665800
276063 542263
557730 755713
40776 507548
795198 665382
901733 766462
533877 25193
664989 858055
219388 992169
56357 617002
547655 65238
877799 193762
818702 335296
955943 243084
815893 242101
167364 760098
551771 927288
791742 75283
611598 302896
162185 150723
343268 192972
93205 181982
292771 56938
782360 633535
250062 572452
550118 194800
901541 353393
310970 353085
874762 943212
887610 181217
173966 335890
850919 751074
526554 194743
926258 940553
278979 958525
750162 125184
137228 470571
398002 382855
53067 444937
565249 700376
702559 367676
111074 835480
599591 528055
772257 821722
452770 424723
957619 622992
654581 269632
469736 158591
728904 605076
568170 721197
252487 783688
692782 191731
939023 10247
213311 604338
953515 549353
48784 616904
249004 549392
78204 132065
962720 384910
191747 774330
172650 884851
587668 296833
82941 105379
755224 869227
660869 73131
49218 717482
951229 923325
101940 690229
497795 356374
62708 819625
453409 598785
160113 649546
123589 967227
36092 908200
293640 715925
159276 434409
646449 905855
242101 979480
660474 909858
436159 731053
261157 569582
860286 232659
72943 189612
431301 141278
407046 131006
509317 489698
558280 827358
859697 640904
150815 658555
362524 687517
803021 568744
493530 296518
110985 56865
40769 630425
326582 962143
250942 790214
284540 319361
391406 129969
577136 780328
444189 982910
38767 31592
836516 645898
810025 513555
100810 735712
105618 833450
157607 846941
969106 140122
687163 276980
383341 664899
173206 641685
423230 872109
335002 969261
811224 288836
435539 403179
13700 198465
11076 503998
405834 587949
283905 94956
379917 318472
387019 891501
352716 392897
259298 143676
406410 759034
26463 94071
511604 528828
614802 286548
656962 736928
281282 164153
605590 294888
955817 256186
511707 371607
864920 834822
728369 6930
286732 903397
751257 854639
596029 708527
416832 855411
683340 500124
463471 33612
71571 236160
563765 595249
901475 940704
336140 39524
31245 848479
349054 145279
533743 213076
528323 867229
241213 746127
258240 239224
526542 608842
113766 958965
56319 716197
339145 471584
665288 346317
901212 513341
497672 400640
2571 348864
979464 26225
205828 178179
695501 491557
380193 325471
831955 367637
533271 627506
617171 193998
921166 475158
952854 745851
705008 911055
967929 136652
444766 142285
975646 922184
459873 201213
813528 272522
527083 889996
864301 746083
6890 316823
593953 674209
125404 249647
801075 185094
922931 785946
377812 14025
686816 574698
170316 136860
43438 114319
936603 373500
112517 31390
936618 135509
417321 391750
419632 896100
909472 608800
128123 861514
286494 22990
268353 882335
456814 997130
744728 785863
402437 129937
988261 862517
796586 944394
585027 920602
878211 679164
815288 923869
956739 814343
548804 29817
739314 391552
236372 85493
583346 201014
481503 675202
821008 931005
142412 94124
566797 39628
870798 49082
106748 328947
503594 781057
351590 207380
480779 855844
376122 449684
406233 92444
46729 333584
719372 19320
690567 701030
340117 539095
927239 997874
603589 417985
327035 511606
556517 483156
839646 315345
292223 329507
397333 31006
853105 943993
292753 505244
504087 999050
263322 309993
903502 340949
24180 796927
429864 620705
852331 177652
742884 463031
517473 108931
466318 272139
227214 55077
283960 3426
632992 501349
279455 341077
899380 925368
654971 794851
20296 249101
353204 444242
234088 716621
691452 355443
949881 103512
481232 89041
782907 861365
830900 936617
934950 613599
958803 411073
291675 536568
122056 394083
687671 869409
882522 64228
478625 954627
811951 693327
162955 748705
59667 669291
39602 316261
181779 657188
142261 322356
441589 823558
622323 2906
17094 485135
382520 997278
772460 871195
257716 484386
478052 136289
542960 683454
675905 495242
815455 969904
578358 484564
998992 703178
261765 382468
320638 401209
713996 391041
344939 494397
694299 135472
175438 675771
859117 953586
496814 714938
428351 937061
134930 734089
157934 431291
806055 552714
509146 469465
605373 906355
462980 457769
698996 445340
152911 131670
256331 224623
803982 698042
22538 173221
94017 843329
757693 319304
646685 381450
941654 831573
249725 816530
387771 565553
384214 129327
824645 447361
10296 527052
653108 593303
411637 251780
847230 286191
747126 325451
914584 859464
878757 185330
221729 780484
833816 149981
54312 311143
866915 530503
486610 411250
653777 579727
455422 768004
999942 250012
663139 249719
985183 732243
720525 115801
687985 235043
368388 934823
714770 583696
746485 561623
308496 417509
493748 741826
792885 120126
841477 210985
585399 90649
970235 302474
334385 929763
667564 548249
649403 954601
708274 227385
235781 683510
828905 836673
174933 449583
450448 734245
173338 541204
443352 753849
848251 835906
164805 825168
314202 52247
267125 73812
904664 668928
613865 490435
92534 410573
18236 36739
957393 167006
887164 442091
696670 720492
788548 483017
638799 107863
560970 661722
154360 656679
928124 266831
51824 761082
300018 359717
877497 600909
422696 276973
789302 399895
697902 404089
814438 218171
940114 673963
219586 938877
839658 10119
913441 93830
271115 983150
918059 994007
214809 370450
796942 564879
399997 188425
905607 356415
965809 493261
168122 6964
670115 982341
214092 916510
881778 508261
464840 939317
701981 69510
901787 426755
775671 152031
271281 34802
689824 766542
887845 267053
719477 628341
207776 13542
699826 149821
296801 729026
610058 768307
311994 581900
602997 440427
913048 905262
253600 367669
216072 849347
814067 740102
927280 707848
316796 831033
166457 578065
404132 212335
556459 273372
394124 736314
211874 493481
444708 380653
869275 679244
409161 164188
990374 992474
567730 626767
767198 944169
431830 348679
162836 997727
235477 552657
512233 487260
404844 665855
240195 346530
508686 568938
692846 382494
147392 107375
771324 528580
729970 130181
543637 344854
161104 848887
178392 343828
836011 395373
325206 299927
885725 96138
642713 619807
546486 170252
257471 276766
889190 278438
631514 46438
322408 163182
679794 334179
898519 53431
925975 101702
597747 202321
28686 380389
592733 549133
441766 156871
713083 860074
366237 587632
562128 795178
813209 535404
610336 669202
843012 920769
353148 421079
745278 258263
154202 518386
765770 159885
528189 397166
503983 580598
136891 270697
337753 842067
963743 146110
648988 83099
354143 466509
855694 988396
714052 648825
550576 844306
61271 777153
152907 763089
472578 738005
139574 942071
195284 704601
446443 411294
347684 888965
242980 397090
614431 822421
338286 212416
730 313677
58480 843410
792646 222777
402307 951801
888007 582533
87956 986029
550106 280125
826879 499986
55587 520083
845780 153252
309463 235436
258335 665305
413919 78037
344777 655509
168704 822727
16467 486214
744337 920937
280171 154550
895946 585711
156177 408070
958794 86670
331269 612586
977528 609684
307435 774799
554316 858491
250432 74056
297218 812881
160657 573821
352798 284307
757386 804409
865748 84179
896357 658500
366525 349489
627175 552956
119677 310560
398244 314782
131085 818444
986529 83368
920931 96995
159919 985529
992840 299840
77484 986171
596284 973911
58837 603410
19068 11974
141123 935370
911712 966999
964462 198964
534411 966272
994275 246615
517794 208694
775765 238993
469491 125368
435184 804749
333505 770597
268264 70349
105520 217329
13560 436538
346367 213199
330627 646951
837396 852121
449746 683830
418557 261289
770889 635385
96950 407021
781870 13059
98459 296053
243168 84033
609339 503165
854322 571085
906485 272615
745482 110411
103605 319328
32157 135355
226702 325137
283193 526209
793014 263418
902272 867799
121942 451326
704051 305480
231164 316819
822318 348001
952279 654256
52605 719164
620098 701124
405217 929011
422888 153514
360785 856387
907038 702950
249457 380453
555305 274008
902277 433911
796155 789146
185277 984532
852394 359434
121482 637418
880158 550647
295148 269541
835197 148828
370414 980796
383449 178363
119943 734552
908044 655467
344013 886619
793485 46418
412041 965391
233449 674913
677139 878802
982017 151816
750677 81512
904555 472478
506647 614644
681770 10537
921461 429958
876935 639275
386332 981518
125671 367293
193740 847345
688706 855634
415362 750154
528212 18792
26828 497312
65142 127484
105758 547034
577716 692291
886713 101099
819156 840070
133366 453915
590950 434345
140451 13118
687917 221281
794596 193159
196584 692181
978773 550548
103588 147127
151733 781264
253525 356308
371749 850762
616460 203128
948486 395979
750362 565940
316401 827130
662079 443278
806588 459253
56242 40171
430552 566993
877171 257830
936073 645876
415985 138835
719692 295390
539856 68427
341576 472991
432886 658476
521152 148117
798911 189546
461444 221125
527904 696808
985079 433535
45237 308054
885863 460069
