2685
367799 317688
135397 588
597250 799084
478931 814026
452107 345151
440694 190048
965424 674611
370589 732593
387294 324728
432543 990894
787592 420847
356336 461209
226802 136925
327172 928220
161473 521375
531264 273332
4307 269757
463434 292900
5853 942392
286191 323902
174571 352877
614616 124853
944588 645803
652171 105633
529601 539392
935836 9697
750777 537942
296817 415159
360338 573889
592735 955579
293540 659370
939405 647421
408479 626823
629164 779547
366060 870798
778610 892787
585418 67446
834346 304717
391611 200295
130164 304093
1772 836782
381437 555236
552374 983990
565158 696614
520391 786349
683420 456196
369912 71700
947575 541729
679555 266999
484097 124164
764861 374328
898846 305967
491304 173676
214301 250706
245943 396815
724647 729407
156673 284927
734801 134577
491956 98985
175543 353469
825356 104513
867938 915777
322605 784043
886692 354064
313536 658013
959289 399655
68530 124222
141008 923956
936065 469906
981991 475740
168902 49262
807194 604516
97436 773047
126039 868967
118825 919499
174060 480552
119091 652472
348126 491928
788089 673671
808315 478629
162104 500614
709940 527090
676612 997315
237112 465387
967918 582347
780406 478885
768691 247872
554764 368702
491094 832600
734468 159908
823390 10209
658070 5382
780564 344392
810395 895678
899575 441222
454508 642948
417388 170213
967947 449401
212223 229357
82274 86695
162121 173499
414131 771164
812949 86731
757819 444015
196573 130136
696229 674606
598087 251479
138667 51536
317917 8813
541670 24170
768104 723294
77642 277666
509515 954694
838878 385335
843257 329122
27469 221825
29863 677688
485631 437881
447582 168475
79386 448458
365413 483552
667630 281411
135915 552610
369734 288147
901406 728700
718122 508935
629053 519740
256112 699408
534475 769579
731891 36588
269909 318274
502318 578075
263834 348568
944803 635881
272469 145614
988114 353633
297706 392458
241134 242956
101827 852890
398294 813014
498176 179427
345878 502668
610369 394569
92208 688130
764449 875794
890160 991555
21427 564807
545280 519047
759661 674210
721199 298184
467067 729705
121258 385048
826112 697015
248177 494515
864548 740415
605076 796852
835666 150920
780826 333032
592800 267921
316789 959366
345689 107820
75934 766962
694372 160340
401338 329271
928351 754594
686579 416597
162180 398103
130334 551827
533755 301875
460473 797514
932149 799686
418222 671600
114803 894531
330121 649614
40821 488967
563727 828114
653922 48561
928464 163109
632727 133307
434855 910463
875266 240195
958708 963420
112846 344458
527759 105781
361623 477639
550598 639990
935507 23653
633190 405204
134283 114802
582458 826777
692911 883333
606174 423500
31370 339644
483681 221193
712108 181307
542619 686747
570528 9466
356188 119095
411297 230819
870883 662262
711100 887667
36759 231242
533757 256357
996065 353423
639503 986225
994095 1778
379895 315977
627952 816581
823717 920196
915785 437396
523985 146017
199736 550745
94446 380343
821143 692155
492610 994086
181807 518326
550294 87436
94270 166158
12607 330517
847603 978039
294688 293794
322113 896812
652310 741340
531213 968122
492952 215220
134275 246636
751090 911163
621811 566175
244771 805592
115982 539976
515835 64673
846196 684114
286173 879662
543619 440273
61847 31791
560784 303281
468321 259858
27605 172558
96262 876980
543946 766492
800327 156488
394106 402752
97667 616204
160134 642420
311815 695201
606368 313314
343613 225632
669572 575436
177181 435016
927721 320658
871464 643235
150405 405957
911426 934313
907328 301385
49045 443626
214753 380987
219426 720717
202654 922384
533668 881953
412959 580322
769747 917789
164912 425428
694979 616184
914610 654960
495024 691750
429602 30342
357463 124038
877324 257682
225990 763382
165028 48982
480959 196364
55740 298734
440097 934225
944196 959251
621780 368582
979470 510416
582817 1164
116839 18731
383475 850045
66107 889900
283505 882929
960645 129661
639393 380541
812080 651292
430464 108730
416394 94991
273690 597865
383531 300491
184149 656821
105737 837001
49321 947262
765654 349986
807662 127961
972883 455872
267073 262918
536322 54525
908660 386215
623103 793979
282760 11018
84728 485311
381638 786997
657465 799834
358079 987089
166552 711175
341305 489696
549696 366129
723496 959220
154158 101034
285428 271704
523014 90934
559061 509341
540622 698837
928983 756876
791308 30332
988762 750180
618541 428316
528816 821565
755399 393512
726332 521753
983952 258257
550950 953903
495576 55845
719226 268901
457920 405005
552366 648718
312191 144800
876797 481899
14808 868601
416553 76781
51259 112964
509980 38487
316983 260953
509872 263664
599442 547203
854370 420121
736087 74926
380919 250478
416234 143776
471324 656738
960827 8881
423398 160066
186547 556944
199013 653377
990173 122238
654527 575165
109546 164682
145972 727363
455393 652319
240291 172982
916502 932282
237357 580407
736930 510925
692411 895059
111376 98414
777349 739208
820584 746656
896006 389229
778358 983513
958446 886638
477317 707157
314138 291210
376178 874757
432809 331263
856953 146501
560896 916011
647710 322686
24984 449201
583160 715260
868297 91296
809856 66246
517721 255653
474314 973303
518385 997299
363323 628201
694351 616274
333762 263093
921589 763893
140672 605351
708648 212067
809071 478118
821583 791177
904480 934006
352317 673773
628971 412227
460052 911413
169945 88429
584700 294489
318728 863670
52146 449536
171459 294943
193016 546224
587588 286109
672573 785713
812454 837504
718895 961322
868276 861013
526499 509226
683867 634972
944153 320936
54974 460633
229482 746324
23774 656480
502704 795619
840919 116099
420429 634070
996912 394630
227804 899508
238456 324065
794341 974310
240372 901131
294427 766212
492994 598932
105689 922840
734144 35400
490191 206426
308081 308523
946021 576878
877652 513307
549267 111137
738523 907196
902958 488762
365685 939360
814262 632754
219651 321261
850213 818753
922598 697147
341363 235134
984991 253098
893152 52005
201057 231116
352841 512889
157596 304910
61933 719523
381709 618881
906288 427757
635010 945635
157568 765492
142752 399955
770961 788416
738007 647084
453582 730690
279942 38990
710506 288596
769098 976011
730225 884993
470206 87987
954897 215486
91066 732219
374468 595797
760868 219953
984299 770843
882454 732695
343771 199330
650472 472775
538508 515666
370102 303342
475158 356054
529294 327850
261294 354167
14757 414316
125587 933301
113929 635582
340076 66435
347195 292545
424182 818864
729665 904931
71269 257918
384501 369115
932716 777128
345607 227097
354777 721095
586249 950704
802247 440251
148947 116313
222459 640365
586097 827017
764699 431881
804230 563112
877683 598439
413251 168611
13306 875478
890851 506509
423035 962995
370164 521573
874945 631570
588725 296967
266013 601178
455560 64525
562419 120506
199739 797464
583449 236587
983239 198781
782644 134507
844695 812289
532919 550744
112957 1463
432410 910407
275976 726205
412117 743674
54900 865928
297034 227228
621172 502104
50509 133698
447496 18086
837001 225712
500620 174185
545126 235801
740967 548141
280393 784841
331472 908549
997467 543978
296968 260925
996006 225911
871283 498647
139836 131398
253737 26030
626988 312350
770947 84964
233976 307033
903324 478286
509860 203904
341993 631985
497697 439124
187728 363438
401410 425647
369537 365842
725331 682039
553005 360014
108611 966137
305215 794650
370640 176317
260894 441449
130994 794742
30312 715291
476953 403263
502541 957330
904979 927789
274749 2617
738597 496783
955857 913380
764608 643574
319850 846956
818240 666297
298461 183596
654767 8986
985867 696306
730460 633189
771015 983792
660456 398931
792365 513458
92463 731551
34964 995679
539285 884607
869733 606317
81916 296572
155236 378869
880850 737778
297156 598086
326499 185478
785202 339715
130975 260190
925256 846215
822356 677492
517502 90456
460787 189953
299958 442881
558768 14820
178227 965701
801785 782308
333562 328649
983447 394501
520643 420968
741567 491338
105135 216667
110321 84011
95956 758394
799261 171110
929077 338867
109630 405158
515126 583531
863642 162454
258847 526044
639914 787286
84096 154578
504508 375757
340143 341543
747107 194636
94712 771950
286133 811661
360899 191864
720540 850880
398737 290237
286693 928893
504305 338479
22141 191373
737046 90267
693531 753915
487638 22391
480039 711204
511628 787212
862834 810190
83525 748281
500866 805282
999791 517451
476601 116529
416139 692071
22309 24573
514882 632443
435212 606429
91062 15451
650045 850381
249978 29716
817279 703654
498625 709900
108551 546179
174178 367261
366152 88624
486297 195419
748631 338080
758005 821874
342973 279365
38148 236447
544970 393492
340448 867980
569537 426887
290478 522772
509944 589610
502820 721891
726010 416848
721198 844005
512340 257584
26281 388157
460258 370913
20481 78082
593410 477867
844317 464821
361071 592543
662068 947621
709392 707152
18440 803591
542614 117784
10317 234069
184173 391601
312265 697762
888152 716452
518387 47407
793755 361917
630952 933394
59402 231645
823196 465988
58055 975413
650416 608546
202565 59590
572970 974495
51869 862892
926820 978441
328972 311182
733074 342833
97583 362727
821302 471840
183327 851194
282131 311278
768651 587480
237068 369613
298762 945585
757013 558490
481251 301722
566200 146742
394231 762705
938333 841904
150067 711699
513397 180014
43687 529631
993127 980517
225838 335292
147364 148336
148423 297605
943434 989989
159950 32198
128103 405461
367520 250768
190574 642382
773733 807846
490214 386936
472272 636869
619599 543509
572535 448176
45945 480923
491586 23903
285558 940707
59516 879802
537786 179154
748018 501917
131740 600309
712280 76544
865910 129323
950127 66962
618240 872558
762777 637387
517160 956096
832588 35078
708060 785945
438023 394506
932211 333922
325170 519243
281576 973814
278013 294891
785227 224114
733100 299222
798034 791122
767230 96493
408026 941832
33094 680554
902475 165443
376399 262158
363472 692913
794445 57320
434181 606614
668208 703467
737026 326594
552222 613388
781178 955781
943574 817991
513280 558043
750012 841265
951955 663406
432782 441082
452388 151915
730478 287365
367325 31407
253686 38926
704401 857303
575042 831472
83509 858473
60064 827781
323952 312553
334219 590984
115312 605755
320549 701054
165518 983935
36814 181106
620607 545847
130120 868385
212050 200834
657001 347360
35785 969029
584128 689088
21495 469547
142663 183197
317440 949589
472129 586314
757339 512548
67274 396805
278931 225880
576842 887916
970111 535068
896677 294427
280444 828481
682418 452153
839543 389940
76912 958891
316376 610687
831059 470047
797535 383029
69951 185519
830452 712779
749241 878996
602695 482260
705739 588035
772925 288895
401381 626893
972922 60686
292202 429209
662791 778003
746903 428618
21157 474460
883109 463363
518184 302800
346210 909738
951993 915639
949427 517528
472297 996550
39228 728048
37998 590012
537797 792196
655679 956473
621788 126255
552664 810745
905682 621851
491663 666978
892352 638337
673908 553290
671797 226189
228831 951192
317955 675511
693653 310228
636779 391781
425481 171646
166441 259595
122703 122261
915331 876293
217244 462587
691823 597617
786580 386960
508978 769973
199733 253145
404844 687656
412199 780908
85973 27469
517709 399719
909377 397718
896447 804934
868779 580230
535727 314328
839155 728071
792683 204122
5557 96476
700783 724354
485443 911348
66741 316558
235813 639784
114861 770877
766066 833122
690818 667146
138445 784281
44965 372472
560164 667930
698802 261464
233164 300187
694409 328575
66691 527451
579642 124970
698131 11963
958620 478076
161289 102746
10960 227357
732694 388210
8416 558022
374370 176001
681001 176992
601553 148426
31816 558418
126310 680968
92605 405716
233767 479636
120453 325934
85550 436738
754023 754899
532084 520449
146674 736248
77364 883175
657403 318888
829511 341911
266533 659215
535967 981822
429241 628889
504753 181897
182070 746292
270647 327368
604594 970522
563187 291920
917124 249416
148969 856412
917337 760784
52885 814730
194749 297554
428561 272658
43341 274957
958834 939118
236687 861326
114031 980657
735450 869035
571598 769950
937393 196101
454113 115638
116363 867481
945822 187438
214637 463486
298493 27694
869739 752046
777841 550417
138113 284688
204942 55196
941652 198394
220665 561631
568989 218505
844372 607940
208468 298316
918579 675985
287746 252233
376014 327709
358989 147918
488920 666209
754155 951324
454965 653253
376993 275080
261602 627325
497450 818156
389789 174457
948137 117240
451024 719520
724753 156797
127341 362425
141641 885806
923727 68526
911909 979144
852224 797623
101131 248399
939186 480246
967082 434203
73055 670965
818140 383106
468106 445239
796735 891281
543888 353312
108475 506315
1928 205594
93062 207336
951234 77551
849426 998207
365752 943277
556493 133474
290144 415202
977944 401138
724549 256546
207326 136067
490652 287231
583627 971770
322249 577945
975970 495278
934898 316215
364825 264343
315880 366933
878182 549516
843862 835387
404556 600743
634599 433483
365530 702882
807146 340879
270780 335421
72900 564542
96089 621216
751225 346425
665738 291529
125976 584978
123227 607112
311127 448369
566866 582709
736048 383606
298753 936404
890859 775423
750713 258978
227184 710994
192797 103867
534288 227111
993931 920004
469974 612194
490787 958095
333147 749583
684563 9654
503086 878136
324212 326034
503968 747974
421825 771815
966677 277614
695414 182600
993540 624589
241412 309003
658797 350785
618277 546292
523635 257779
483502 379609
343788 861516
642367 428564
959888 581744
942368 772835
611397 313680
555287 988645
183915 410786
369358 261340
265043 121380
329093 868619
953546 228230
918007 228126
930456 177013
591351 951878
973786 761494
97201 795669
599208 961714
996007 680717
99687 960571
477144 204775
278915 708694
231136 931091
397118 793655
550292 489008
423653 701954
167202 830476
91688 985501
377889 518550
621888 464257
410699 641011
285603 830090
458028 44113
28145 299662
630335 192508
245649 839342
936023 705412
775586 833832
678958 833141
398880 573999
719252 708167
640216 422595
186992 570424
685372 767342
274169 873949
999568 235617
959397 249554
987302 540000
88219 693793
62207 221107
423648 15322
602425 42867
209493 444671
658656 384432
685443 942600
350331 483667
832138 697712
301250 887156
237459 94039
877427 106927
47680 349085
157365 110505
643416 865651
524506 178471
703740 177913
139304 419521
740920 780114
239417 50335
219953 850018
811377 62615
818406 367360
402197 515408
778648 92718
376157 402531
913602 358768
571153 836790
943116 851272
343273 217360
75470 373523
123727 932818
866040 263406
4218 405144
576976 898770
890860 976622
231116 392830
962082 959849
288907 870893
657518 901446
336268 877416
249256 398088
689390 390982
553279 529122
196786 556343
734663 533408
51020 787539
689101 783677
506026 189093
406652 620894
170162 50251
723480 737923
740934 708070
177378 871036
495974 499779
806948 366621
444669 865671
929738 469799
170558 625166
117845 252340
711787 968022
169545 861673
852308 277620
341459 467520
449747 509093
716210 178364
756533 260388
403720 875592
389866 450170
904748 16106
10068 869774
679581 265649
325838 873836
925786 794446
235943 207407
987526 525828
916421 187484
201477 479939
550739 278773
622467 177058
838704 863270
632806 560400
856505 60553
94325 4542
864171 275893
146474 382870
275716 461578
522255 355361
91886 298125
863676 376564
30255 195492
508060 726225
926100 156543
181521 962541
442329 592710
334959 166243
517741 754375
102439 112764
930263 298528
448687 687649
274714 504362
390532 932271
642204 317590
542293 352275
446858 332782
887213 335898
198868 694420
567962 304453
371936 591038
626251 524452
348451 215058
937546 424470
205817 156122
877808 743406
339170 740242
716191 756106
915218 346854
885092 846853
911492 531713
613465 208633
214264 106338
357294 728400
962026 932358
800006 973722
161907 880513
369652 905818
322561 127183
47207 990259
920012 649277
548416 386779
103435 719351
656244 398220
193631 923195
140812 372146
968965 245605
345965 622893
838078 414337
986005 6101
235364 82312
839985 398866
990244 833900
34861 69345
161754 110298
91541 609870
728849 159893
434772 662246
810384 105995
872621 160097
837317 442875
313651 977538
341438 661366
197727 812080
494057 785919
382659 628891
843852 794718
114188 914750
678381 945272
269243 888909
446500 823274
181955 38941
97746 803493
753306 693263
327753 249876
140764 503209
876265 854547
143920 257509
100985 290607
715390 711464
9047 611183
633622 768816
390479 350364
376495 27411
155330 80537
501851 258852
657058 550597
231575 336976
240055 690777
916127 653245
130470 321111
737103 940743
891066 535610
83123 482343
121126 224172
902273 561499
676394 321355
92326 731739
25024 435979
78681 540901
949745 435915
90902 936856
254921 300224
477772 318290
355678 802353
970928 479651
365360 990630
991988 126359
490022 791504
224773 704961
308472 755801
716665 168288
935636 745582
130156 635945
574085 62534
493505 57819
863802 159913
513056 602994
270124 223793
858328 140178
253425 105217
825770 928522
372879 445217
851462 182131
167285 609008
507412 209277
878165 764423
17355 933381
212408 503480
573035 708781
662719 803858
233705 254875
416596 988855
383283 101384
975346 356619
951274 578878
832941 33295
258921 619463
278138 166428
707585 206579
750170 216795
369305 101520
406641 265480
747931 352815
501434 731945
717567 729587
692965 809566
506838 497576
607470 389610
767483 484830
375487 81874
630346 518555
415914 260086
468302 289769
8650 703337
800612 396759
514569 278294
508207 948415
178424 313713
118007 588550
921587 723965
104090 310098
895084 638919
37244 728427
401560 903813
760709 110157
427553 72652
284500 245730
690735 537964
271147 890102
590697 65396
786753 374394
440435 572207
345507 193338
737489 767208
33221 973853
924599 674694
359583 917995
372706 301047
276600 227306
988749 956176
179493 557734
819697 801693
445772 352249
915720 715002
425953 724832
788351 241180
83498 121743
807346 662493
696769 314254
462641 93874
454086 433762
344093 348683
471952 527750
23070 266928
547038 188970
902179 931525
359642 490432
460026 623127
598669 325711
184651 935268
963344 67037
929762 533993
869467 443845
550709 863877
602576 301503
908824 873227
91069 612946
498586 777193
989555 352388
742318 85682
622956 665056
719551 142940
248082 984020
9003 96745
955238 227661
442363 484371
181772 33112
44533 750780
617918 483372
822694 298253
946637 483849
548777 668297
565878 623062
557593 823655
976955 655671
670123 618738
571370 89760
474848 396567
860863 464388
674615 477407
568877 836140
826388 730847
104101 639332
118087 250421
597147 223879
195838 408500
991896 712579
479583 517678
94800 660875
327584 269836
198644 879206
203051 546106
504482 635001
892536 757808
276788 736028
241728 62499
822035 661796
70894 615409
779567 192019
543712 458682
710710 590078
717693 838876
852582 303030
225295 454116
240970 924338
357263 740896
279159 122598
622440 435497
593017 297395
148869 629552
213715 491837
394019 28992
587021 292751
363886 267545
16888 75783
179092 118805
999300 942338
550263 761149
365715 611735
728293 627251
901230 761239
669424 923743
683167 887456
721700 735440
365698 749909
202716 688802
552505 927529
613940 38412
975363 871866
919167 693344
522416 194555
876794 562025
41763 453844
993307 899964
827476 417111
130670 860646
828795 755210
201364 298174
197405 589755
905390 711635
371095 227395
983520 530574
449716 919782
964483 152878
508183 747624
880782 873917
408680 375802
645080 49603
581948 596105
416474 999050
807894 616006
119805 699181
362420 756593
404624 678561
616817 438766
698671 584707
967600 353760
204891 191694
296486 563167
768007 142319
159598 740830
674788 386209
610030 17903
781648 519512
161434 724744
677644 515090
367155 507344
548671 227862
6373 504183
506183 64231
724931 555891
243836 301538
689121 785802
201022 780340
806874 288729
883960 652706
343195 592364
176850 867765
384437 119754
988569 962855
235212 919853
758393 867488
278010 57251
332895 316544
340017 958651
683636 845955
228354 879164
546523 722122
372088 624643
595571 483323
924020 199135
241302 451764
104511 656223
110636 563883
694801 436562
808836 275364
593441 127068
749998 913238
363474 755355
600899 986234
120111 218346
419300 640207
335584 392127
283763 366265
404475 873048
334709 407310
919234 193243
505349 580923
858881 874893
833123 189495
373806 385612
894472 382714
916651 748388
70687 631435
113249 290877
606314 427448
686990 449059
918597 221984
398158 300481
945247 518607
259455 818774
176996 70464
745952 232772
733836 194599
653806 845014
309987 956453
494320 286332
308230 836486
149797 707971
64670 955725
114972 287229
268368 648891
276375 448704
459019 329868
892796 918345
841239 922965
396215 759107
247102 313883
338034 700005
352969 757265
120916 668365
908423 601378
613542 310340
694526 220249
60076 780387
79603 295005
340490 8644
527709 763689
385728 221560
90254 541490
433173 711743
649596 437275
12051 141091
796765 962673
601043 442246
88035 881499
768512 205358
415482 874325
370705 823626
610408 645445
780865 201696
685908 341338
307378 69356
488478 594807
431243 419184
998138 822599
952911 908560
466405 465860
617698 59806
239629 732448
813813 840177
223418 267437
230148 138141
170880 205990
340374 85179
71984 712493
287100 152494
191451 110904
802643 504689
137351 529542
62039 881799
153211 97477
832631 635172
169729 91180
623878 470051
969334 731705
523304 291964
701019 308082
270721 397986
485605 315215
527044 304254
761506 601044
930200 969412
528695 540283
840980 587730
318831 801387
32127 497984
100686 815591
828725 138078
136814 205120
18366 205627
693571 867087
945493 742331
991361 347500
783363 769104
547984 498145
891653 921406
839825 742033
560302 171479
223553 573499
562250 789076
571923 615086
241359 495150
788844 619131
90746 848410
236972 730736
799556 509524
943764 536096
390544 714710
629831 106014
560239 189635
125212 102846
105808 351673
284921 778826
138829 534777
91967 986409
18540 190629
589465 443939
616880 647534
810149 782834
2646 650847
680519 812450
444856 287034
243418 186003
966443 28063
550198 888582
504001 960666
852102 794122
403801 711232
112051 777936
410156 861108
448651 712574
553711 222973
873685 38414
741088 85600
551604 420099
359302 214464
22544 812429
58794 312445
92730 727258
843592 864487
930034 980394
140104 405353
370349 388126
552840 394760
824987 421246
296243 746869
162396 928096
992654 640489
989543 755054
411892 346130
92077 332840
714547 921993
958663 515542
746479 568501
641775 718003
499739 69860
231303 242882
145130 454670
778941 206290
640054 227293
890406 39027
382684 334835
858740 335135
302104 676306
784146 169495
300426 568142
854451 942901
11333 729906
995249 840082
370020 437012
885582 661238
639677 764201
905771 406910
341444 344525
884218 574976
8369 234549
415719 678936
281260 348516
6439 100110
789774 267862
973507 61256
292897 489106
90827 335018
956067 1216
784996 69954
189228 717390
20370 409951
101289 404593
208876 407476
343757 641320
882653 751274
991567 338157
12130 711826
807706 883134
182051 500738
899411 964648
216049 9605
208633 973597
235405 640282
595709 243160
907989 474822
418355 929572
680005 396358
362807 802358
871196 256501
439461 840539
292770 317038
504423 998275
663189 548942
64176 461241
468518 300249
229046 218808
213049 153006
27956 46827
561247 977797
602350 52471
842330 796501
506243 264185
277008 323171
560856 863097
715603 126997
990476 865754
515828 374059
380260 131456
19855 102920
970971 148022
868841 564000
683749 556394
51090 461051
775241 297333
247255 924059
149659 924555
321047 443765
592697 448613
545266 699954
967512 914022
110189 814912
693616 514091
432424 301422
481118 746163
925956 3226
363641 105321
806051 462167
552772 50302
342511 374233
430311 306495
256453 579277
818566 851828
528512 512198
135521 671337
817404 999407
956183 143331
994613 28973
678367 447178
229853 503618
756905 925350
646247 552109
824876 442505
404523 953494
584831 597461
766250 859335
610516 437379
235925 864646
950548 865940
509234 578210
583383 549887
960011 621216
643071 599089
14789 185313
763443 122140
70303 452523
874717 424239
400382 505407
972957 220931
545772 441382
160567 668398
396887 667378
585403 160596
641378 905808
723124 704704
461867 556049
852790 840955
756144 519186
888768 164160
998835 56958
46450 319824
555697 217347
262597 138595
910956 254007
649225 44140
738812 305565
292691 892087
409246 52973
83558 671103
396692 327941
941 507289
628193 585320
945323 139936
792974 960979
613267 687467
465084 730418
155259 957083
976479 698717
286593 373154
887403 532119
968153 150556
727889 955607
439619 573365
366687 27012
526166 312972
192189 212168
596815 857429
157217 885815
373375 225281
535182 428450
245560 429778
351040 590220
676451 602973
241261 603326
853797 884215
979591 699065
377449 136875
276190 228907
794669 301573
811851 610472
900783 782059
688959 217071
678648 542076
252929 910545
146121 172324
501593 408250
991999 161983
7220 479792
315937 307648
102110 36013
13197 316448
216987 240651
899317 994973
741309 990079
89747 466054
744202 458346
701392 838385
4313 207024
799596 525212
370834 515305
172396 392234
609174 917348
410263 676396
301270 187706
601333 550188
966540 80573
669883 452609
433730 642068
325058 392238
906200 955128
772136 504532
699217 891893
661300 452573
235154 645541
937412 311605
208327 459037
181052 841607
285704 605437
846015 411140
234394 130608
638604 501314
930394 932732
801815 711571
410006 952656
517151 251519
412591 828962
567747 909098
103577 478862
552441 593830
994830 748985
367351 863914
119463 642307
21754 443521
476451 865000
602874 165540
551701 326526
656312 456631
513667 741193
210876 584628
299413 488039
6457 854250
941890 643301
635760 680367
994392 146651
426487 314127
52665 649509
958845 516761
170722 651543
402531 973271
232333 294362
462196 283926
821175 790482
274954 448149
518253 820907
36338 659814
756630 513657
617743 693630
180368 873247
451265 981327
141394 638330
73866 869337
867193 249141
533806 351948
761754 740495
358972 504757
468330 621893
826692 211503
7527 692106
395625 838224
711132 896309
912415 634490
118467 911474
924490 529605
535845 642594
678598 785096
792891 880547
46811 530603
24932 265479
314071 299335
618407 412025
215685 510342
319600 534578
772186 848399
148748 838912
213442 217167
682826 517295
685247 637428
766255 179896
886214 311672
209491 369136
741973 403272
741890 939843
792517 820246
151076 890490
633098 40384
399284 624496
811940 332060
587450 285406
645940 912993
885196 998740
555421 360855
224377 711424
356241 240546
392915 161917
351926 30346
573287 272813
409753 421112
113293 960272
696269 560484
262226 514565
585899 967436
26584 878598
865881 678014
290708 375337
811255 145009
453760 198716
277721 715457
215985 706812
675116 480876
773544 825895
811214 199744
273609 747987
936512 482057
256117 688083
385880 913136
772985 412362
952491 888994
947472 259570
685886 3721
321471 319836
163889 635195
174642 81623
945335 716281
527371 116551
997896 216627
226337 456490
487574 618869
252840 673702
734586 524265
105550 891804
948605 252757
143992 195806
277515 54665
32942 40298
378182 257712
269856 934354
762834 601771
315715 976126
338015 675870
899732 652957
35458 112868
300028 150223
198777 345205
758988 484313
238338 357270
290522 706725
747111 152760
719144 761979
554874 566057
653698 505458
117114 133095
79447 863950
425972 893028
182679 366636
148620 384859
625846 144526
959847 415557
913909 549401
580463 818374
696776 3929
61250 721125
722565 454696
119675 246769
145428 633525
437989 893245
151886 117601
878193 239594
770340 328302
18611 917768
68767 24011
749981 842937
669410 620423
200717 556533
70099 518656
383349 596952
286862 872892
39919 962162
353107 137360
872290 511320
28246 809087
909430 398655
672928 981011
910822 526297
723070 206858
994335 593753
127220 669263
700318 26395
288170 191523
759421 272964
874694 305478
412221 564736
488963 451898
470332 872902
581322 734532
876648 144069
113852 24151
936165 732109
102828 774130
611674 337835
370420 52321
899708 607432
501695 304184
72245 783513
166549 846910
993725 436553
624820 399022
181408 7539
258607 214417
185102 888606
525555 488561
690686 335427
290212 750934
162351 230178
290959 371916
824495 674543
734526 655129
916427 788337
371955 195034
572839 405416
276881 30640
159941 619722
448166 581969
192038 517607
958739 146055
603859 168326
866918 948714
290945 384584
365999 764739
384263 949987
413754 950562
131809 373554
404342 450363
56462 617320
136053 617565
700919 995145
446199 619883
284461 399812
479721 452933
198341 839810
971543 316447
379839 728732
50680 517214
989090 2791
419502 594651
721280 916796
113804 650397
911356 992021
934815 123253
804103 270351
959875 479304
707137 826409
890856 850004
513958 412916
664273 809899
840596 826618
247091 380146
835160 898509
233386 843073
420688 726956
119440 834384
374838 558748
623924 857458
250232 467556
281456 731082
4926 938145
226245 651269
379129 163942
649273 146100
177888 924527
306580 548172
876743 347781
474820 469189
444161 27729
881656 475511
964962 60365
852212 572414
841974 985929
178468 253895
394693 617916
354902 278282
81749 87338
102010 732843
725143 151513
880494 689579
586642 123037
369508 10585
640785 944630
256802 949516
6120 698753
204019 956365
657888 693021
658780 558894
427551 747072
53742 766065
156241 826984
852129 802924
498406 941078
66929 72400
1512 731861
718559 436276
573267 601179
868420 75703
664946 349409
458475 333396
685472 229680
184628 849774
192456 262105
552063 490467
745630 573113
592738 58900
326650 473646
676310 385831
595959 948408
747907 400022
379051 825400
21824 398892
707350 634710
496348 443289
432888 276404
831619 238217
673735 293954
118642 166351
458116 31550
146382 416201
66762 644165
43010 756149
661729 769171
953071 21727
74824 666789
127766 399843
997473 820270
480525 482294
421196 714437
514981 644755
695337 719646
218727 190404
600017 819270
197103 469684
639052 952413
242716 162400
767389 104558
662391 296299
106180 55366
804117 935387
605967 979945
496902 231110
383050 145920
664627 683240
218270 624491
574762 157070
500110 634800
944311 517828
19498 184467
840003 425760
40782 450790
108053 198738
142052 544167
764868 423388
285483 168189
515349 311644
750106 335514
879831 601735
512443 960423
755271 32392
508113 144547
721812 233365
573495 936480
799534 456229
162453 595011
927256 239890
722414 705202
368676 295644
489898 418287
595313 801204
944239 655139
280664 2544
220304 341658
628053 336459
965011 702385
795112 882790
735867 393590
669605 609269
967883 39298
236926 211696
981268 659940
927818 789458
307502 356658
68258 595506
183825 257755
866170 62000
420459 650252
888286 827597
716398 320180
875945 584402
62680 640803
882879 737676
780843 606043
622540 602355
213255 521944
768364 930215
519918 535638
566298 65404
703186 3903
876671 913813
671206 473183
15319 448115
695295 922688
616800 166489
11067 337959
653464 503369
647666 244363
903185 510081
32847 232080
153377 73919
721154 123967
526010 579591
970736 864471
864447 701235
726717 90073
404812 455362
558372 646753
650234 170606
90043 893366
34613 929661
931999 590581
741344 515451
643442 236678
759254 830786
627136 56860
148128 537252
600125 304193
951962 336510
673789 281318
415478 338819
517589 336980
203700 793331
420075 261537
949624 936255
335827 186734
782928 58958
391756 735322
877823 637218
725683 342404
399186 140745
160455 456124
633113 410707
127711 344954
505762 974024
446855 144738
548523 108529
981080 269552
952719 81807
558358 972858
185077 660058
579294 862311
962252 290054
7746 186161
54596 14411
949151 441683
68278 488305
969401 921749
884936 613367
362680 883531
735539 878866
509077 636959
386866 855001
886171 913609
665389 111487
864830 339512
228033 1895
893356 902540
803520 61955
62443 238828
938067 297863
324453 235711
317475 973728
570562 98430
284086 997188
310291 615925
474287 355574
836336 77712
742261 660692
488887 832397
362623 813401
204093 545544
165452 292356
137282 937498
799896 140459
669935 206344
569775 8356
679577 288571
266400 659214
110884 423972
773662 939516
277475 28653
904560 92146
141328 407214
307738 722253
793190 582847
166157 670081
879840 534144
970631 788945
637157 158046
35883 184222
752106 420863
650434 470206
57439 334674
262644 202047
613191 717554
674085 99182
620387 863288
510498 994233
561320 351897
627380 669387
13309 958429
922448 300536
370958 882630
787220 358094
824109 634008
354652 65431
644706 225698
136366 956493
216097 337475
815419 303729
850738 807327
285357 550427
657348 259929
927275 930964
765288 466114
372733 287155
221997 501900
428563 777774
569794 978477
36430 466661
908941 381624
436115 192274
173327 303576
505349 260913
418255 350327
311486 323747
845068 989889
402036 784366
702096 100417
333579 856668
254018 30400
718552 755165
971980 230802
627732 908150
484305 76340
297402 806088
217219 687726
177087 744097
454238 905096
471137 93879
798968 883961
880851 865610
500419 680502
617626 860134
553711 254134
990070 488489
940557 827648
124976 743510
757181 456178
328499 331585
640673 81956
362752 122683
729265 822168
733672 14861
588606 169145
922252 748208
930295 828569
672302 193088
194204 447756
506744 575804
737257 668010
881246 143413
60893 668753
469117 197371
456175 234575
990132 737444
485696 194378
405314 417393
173362 999945
873996 643135
510698 391534
364987 652905
601791 416053
929978 407229
697920 112523
240031 902916
62618 771403
406623 279198
396711 945448
751850 195637
524270 643286
917474 680248
162869 725222
686314 211874
805828 272382
212760 408109
210751 426453
742155 819758
84250 611312
473410 664859
473251 676910
55601 706053
274045 187263
305845 75717
417270 102982
222536 511195
831001 152961
913568 497404
476896 247632
512558 207730
130283 362469
984701 200123
592479 752114
593933 859421
642711 166481
884945 393270
559463 412088
303675 206106
771632 1605
155584 660404
275646 121519
141529 845887
167133 129985
47717 215955
145430 273662
596096 263998
713376 878457
984967 426313
535893 292009
519194 406920
643161 797231
278629 968222
601895 635233
650108 963646
77063 834488
53831 420875
243895 661058
776135 192100
717671 325986
423851 534113
527362 403806
422011 564838
142336 998966
499672 628916
604902 759512
429899 540533
653237 18266
156550 123656
21974 111208
203582 565772
942777 783901
195612 17491
53699 63574
535284 671104
495458 16652
520349 555385
726669 688276
305897 355076
205712 819092
617001 276132
127106 588608
348096 618823
223793 257774
912603 29888
599086 679939
625557 870240
13087 112052
790620 896747
946959 563884
947659 13583
786398 682052
355426 263797
972445 539084
375427 157266
650988 408190
347734 411880
577749 924155
599387 434329
16098 54836
865801 637799
426272 935056
577683 785086
193008 100135
933064 227354
997750 481025
371547 320420
695946 71200
500310 5194
654185 778209
495274 769845
279919 836568
942800 850435
282748 119974
808589 193708
555900 267300
542829 770791
83562 512818
650470 955581
126407 708910
636456 656864
568474 307449
197154 162165
99545 900280
332677 736330
68521 861665
689028 699784
255859 469428
303235 649960
144516 456543
87630 26138
453379 366125
957680 792490
931857 293055
700692 842311
845189 969451
423987 122911
401995 937846
737483 816745
220148 675325
177682 950375
757435 991937
670952 596054
758038 159828
269898 480497
578689 109776
341679 173375
436017 774136
433504 868962
697253 203641
119241 128265
431636 728577
158085 836518
404226 826210
935281 469975
92020 306904
724907 751496
927341 406190
424441 286126
211679 500051
484314 829981
739956 983220
128714 910983
884214 651106
878733 716983
142750 731969
633167 353763
670809 131659
497399 40576
826971 563090
853154 275911
405750 612098
566993 866252
758134 532463
379012 397562
401293 428142
946315 754804
93957 970258
132169 871060
906226 914224
500360 911091
48296 830211
13490 422259
905460 682575
904854 261967
731502 409689
428737 141590
751190 380270
267681 139093
16889 979810
718381 292168
496267 149392
858502 282372
995063 975247
986441 162307
156977 476701
317062 733440
593160 561534
567798 259511
935607 764508
891148 368289
751803 838389
606369 418950
383042 698021
472763 995462
65058 870343
696621 922669
65411 594763
80050 924250
994641 548507
819739 183921
389900 500876
671819 932967
983415 768625
734657 387304
951642 953235
739002 687628
898404 28
487094 728129
115964 394237
451872 512158
139279 572291
555731 804976
110242 435325
710090 470033
760848 65770
777782 811079
312791 25677
299514 666002
907529 58571
777586 53214
782436 768045
203688 723477
351565 562027
891937 656439
573776 503729
597622 541067
830299 177779
369642 695565
38483 58583
186426 236479
323761 946970
291827 687781
18723 433101
280811 237217
41915 319705
790981 890632
573112 151855
236610 315426
813026 214580
286037 102046
743559 606514
730116 930927
18877 848212
839998 293972
238835 835521
962537 28422
735558 811656
670267 349740
221760 625695
396613 46011
676950 787977
310949 914864
30697 112736
228310 828458
800237 342320
379850 951322
783918 303364
608517 966757
350971 10546
859830 886337
348064 921413
523051 81311
924406 963370
38709 981576
382299 626462
811361 484115
700075 417636
