530
505029 265726
536203 82919
34845 741260
944715 307702
900973 880345
892017 776636
800118 134918
669460 136478
218987 364692
756455 146933
471663 317338
472405 767068
695392 600477
630740 945936
456799 680701
927587 255416
344767 215547
77584 892040
49598 295013
157796 341172
242175 496417
450499 102126
814235 579345
613579 177005
469866 346267
17524 78126
232696 239702
409768 737959
125887 877503
70334 307419
32705 729385
608875 70897
419983 680283
451852 674883
840578 74668
69279 727502
858754 977409
959343 56200
168041 389438
429877 795290
221196 422266
620548 360969
591248 608740
259344 571673
915606 894609
658599 451340
302446 698512
461516 772946
595153 392541
358926 847736
825648 54691
750937 511811
53983 371036
749339 853995
353458 586619
51740 903582
287679 754749
873270 503947
538540 717899
760969 582851
897000 920047
201326 206163
236257 175537
827359 601900
906431 640183
82838 688460
7375 811763
587597 144134
12756 409907
953157 636923
1581 168507
269024 981831
7862 320428
835520 924383
101938 158577
971063 494748
260645 719411
262745 9107
868792 761529
751358 580199
710014 856275
561843 214555
980739 502391
591746 968181
216038 805681
28020 538242
94788 959869
286307 964346
828614 263004
788022 699429
743395 865026
390476 58615
804844 512646
937590 62964
530342 860696
872449 280367
996880 845196
522270 977101
624141 418707
181275 102618
72575 706913
649090 461979
468957 820181
626252 676302
155870 610681
511779 926384
361967 380199
816323 343121
731642 828329
840431 121307
848993 30049
642307 110468
566796 623628
95501 416272
278042 533587
686 386278
887500 629309
329375 471237
151656 242265
940213 461117
657909 274907
135951 834877
926126 436645
865351 45994
230594 268911
318588 259159
132945 399766
808686 759730
965911 961830
777037 982452
565042 732558
398697 340673
829631 266709
962778 813642
504541 232041
882814 757862
240268 496373
453911 586568
953093 716370
813576 361256
817573 923198
978367 894626
678113 456475
391691 865729
2814 737085
405184 801387
305253 372066
245396 503760
219920 642440
778100 605496
216263 956293
180407 241944
804693 66510
461699 556984
848564 564621
905092 335948
420880 317931
358000 721722
702834 569612
836128 599781
569671 250942
592640 330478
247544 23425
853848 665092
447628 21675
956347 588459
918338 857792
223858 433613
266180 293491
730350 582652
526321 872550
363850 278743
423311 754544
428443 567624
71659 817203
159786 782601
208776 965078
18568 396369
614990 756928
194019 963884
18066 16568
114765 818351
185376 815032
449038 345419
173532 760293
502833 309560
289112 252302
467118 398217
8983 670822
161491 996214
88579 12566
197015 689830
169916 450469
545595 562229
127444 106630
285071 531183
130297 895557
580865 571662
777300 105296
828497 537368
377472 359953
472501 424956
11010 746578
635714 653599
49992 720954
839607 30556
293295 303873
466890 355529
404971 73862
559661 827558
837870 134813
515188 358760
209788 207881
489647 562311
423117 29232
575666 470844
369621 940989
377541 950890
100465 706769
920177 744017
742616 331584
289205 151729
40342 311468
796450 790485
578760 103319
98572 938918
279080 32810
205597 490753
413566 262691
585512 974749
821395 154683
722126 660268
78340 429663
400914 191214
802799 17627
534914 429670
55616 185083
772083 439450
949378 408762
684485 764334
875304 24567
325010 153033
645700 916848
1423 563328
900983 669728
599148 628780
885379 977112
680768 448007
518554 770749
462336 108707
524167 951211
595521 913319
713851 900992
693331 429482
465460 761718
29466 985902
651587 385997
724068 881243
946254 811816
347673 850385
24522 667695
992176 137896
156230 680109
708074 601412
765765 741764
761702 20764
764044 119691
229354 373313
632235 206858
136884 106399
499435 555281
363210 442598
834534 680721
633039 95512
47023 104522
19175 247239
439503 536195
965066 785085
844603 634795
171086 447379
968570 65777
966994 292716
233218 142940
205879 105650
315609 423896
731359 438787
224641 150936
778857 552642
906306 186783
352111 336637
599331 655685
369412 530214
309827 294741
230562 5373
475294 63198
693247 255468
377319 817315
252054 37289
83210 382018
715054 67495
268558 826578
918557 459458
892504 185430
914588 980765
10753 524068
766826 522877
737809 722310
749584 169885
829952 87677
486298 205179
595520 409688
755440 186250
182145 889410
377655 58331
946693 943380
612322 606420
766721 48601
134640 755399
737986 234150
669682 536892
638129 835599
787959 978197
370546 900696
419079 406878
222101 325678
163293 407807
803086 862957
844309 782282
369608 406017
267489 530929
145833 710060
272326 813131
407516 797724
403997 238130
771049 526112
553166 897812
2935 77974
135849 980101
750426 443337
481990 862432
43280 658060
955225 230011
769932 78583
445718 954199
190019 545700
679280 658824
451446 680125
90918 797862
405648 483842
167742 760903
464286 463603
947950 541691
513637 427832
861765 285862
213084 441676
140473 964704
213838 398622
827381 17337
500568 31605
416881 39123
684675 804742
550335 143384
502385 238850
114550 476824
525713 383133
863505 177425
614596 39935
663719 577815
845665 287864
851875 561110
650011 236753
583552 546193
283157 872692
956149 990698
685096 88566
180124 848605
328214 703020
364656 2032
595008 119568
601705 748233
180591 78386
369192 576365
543645 196220
372069 551771
456334 554807
448518 941333
744429 645220
422631 85070
656467 200921
642841 240285
751232 923955
878114 282537
313432 695916
2907 780329
112765 744011
695348 56149
10722 793024
231511 872080
579641 275552
166325 167646
127414 75253
573317 993934
171600 413633
952028 561615
56558 206996
474142 653859
497301 281085
126366 374057
746332 428172
16219 756011
112361 283793
839053 747552
269762 353008
920362 658616
573032 970699
161173 357578
506582 971792
261423 548498
780985 269291
866134 900939
304662 182997
351512 291116
91307 396583
385686 371939
81650 10789
894951 785587
62165 772015
779137 987883
775676 104212
219096 596976
937648 661339
824343 150999
812090 257339
160742 722701
75962 601919
501499 350196
647908 738155
463010 551028
613893 280516
360259 838816
776725 374189
402414 118961
942897 114011
827854 737621
879077 505795
748396 717970
561903 8233
709685 662013
52803 571239
221664 836718
830261 953233
36356 795169
110215 490178
923897 789394
290538 830326
555573 982390
201826 563464
501537 192330
433446 730035
832490 643955
737959 352305
379791 558148
365853 947947
35973 171091
899082 648816
87865 675884
77856 673178
346244 485724
134628 22579
36571 947263
926087 359980
572574 738407
922896 843459
339346 152967
870883 661583
82112 819770
636138 389363
491524 747757
723955 85638
207277 428892
250570 690227
13612 522670
808750 201670
798744 647009
224540 278215
730671 526159
860411 420553
451329 81912
393891 463145
731122 957742
904445 923488
12033 323280
399608 22255
361384 872802
754233 41898
649694 707201
912037 140942
63785 549136
279543 509096
686783 447516
778729 667746
541075 496222
393924 352084
318427 758127
681940 336469
666041 164168
37435 834614
829451 866232
968063 747259
319743 615153
922032 308080
653264 469578
421206 304331
283853 211585
333448 811996
852384 950769
267625 672100
176974 414210
634284 322255
36140 180931
312149 343177
814253 745570
836652 272807
554945 786469
504209 313498
932536 935829
54996 929877
54602 515007
985830 732894
421388 523067
