352
301277 461805
710951 728689
579953 820163
468266 97356
804009 701554
872478 76690
315572 716161
102023 833124
811489 750507
815343 88116
592827 54809
316072 524340
573038 344111
644639 580642
754342 34732
95404 884829
2577 814326
227952 204335
991876 660655
336045 396795
297726 827458
83615 887109
331934 65906
802580 394302
885525 968100
77068 472767
38056 468458
350170 264659
115727 166920
344605 164269
63157 8132
744738 698554
541647 36432
592918 653551
473611 738930
491703 262934
248064 843221
816218 71712
205360 528457
489064 138093
147477 469785
372988 902937
353522 124572
867793 277967
808497 598879
803744 421565
655457 562376
943847 650245
188354 5116
355786 511266
259531 632884
106853 350328
438733 350626
200162 892244
684050 475260
210399 97774
864460 179285
6698 845123
878142 495463
693624 767304
781350 705181
484197 438730
611153 666041
748890 628011
311459 160454
230233 865505
476854 663216
804597 924880
465915 171652
950359 430562
136493 951595
693652 878601
954964 525600
141326 886636
750126 826906
532015 687425
141213 148419
148629 397720
208228 266868
620968 269558
26203 44447
624670 214393
884684 628459
249088 943013
135857 856549
633941 675999
110480 732081
193498 190276
548226 572575
803970 348497
173164 196956
229534 820010
885943 910962
292876 601385
175213 536879
294015 344133
610519 333607
268724 790546
727785 24326
773899 506280
436904 382357
269743 141988
163452 479560
328923 216343
834031 945764
987138 949851
564323 721298
751550 318622
539100 465394
901947 786140
354695 491588
226384 887767
745345 529438
325024 613827
646913 610514
678567 187708
100479 274307
687724 492538
612873 705973
934243 914560
508782 634685
548498 969112
378630 639112
138978 441568
790414 579522
267298 784968
478687 946412
64471 988667
690824 53072
406155 685049
618893 59305
579642 801006
723679 652891
870823 739033
480378 457485
671294 348990
894870 244285
432851 86445
920941 597768
737213 597009
294099 591404
670475 475030
511515 50732
854833 168398
313727 524632
696141 290098
756605 881230
881494 963980
559815 292209
900573 361220
523162 810731
406645 323980
551266 32637
120331 98545
191323 516486
142640 524718
586024 881106
638610 103575
132276 403137
939720 812480
360527 766321
377991 378772
890185 828767
723215 575506
449382 71293
40521 893628
42607 191711
952924 271530
364822 698316
778974 331889
751284 435441
664499 739642
874869 388679
554436 678709
789428 780659
725982 667669
484314 769489
727301 236241
156838 653285
145918 171045
306813 690855
949016 224418
52453 176173
8251 37935
95527 45564
366456 613081
765401 173589
695253 764318
588038 532979
928800 620370
945379 99367
151841 190510
424694 928811
318384 676205
870222 936273
761515 906043
663647 768419
679190 836732
768448 915347
72544 664648
395814 613306
28805 878017
608824 380707
618199 463778
541010 22408
519533 219879
531860 80861
652671 718292
574323 393215
729736 717544
488747 73200
201588 877854
367097 129568
307747 871342
92104 525198
836829 784921
60801 171467
906159 294267
180006 232040
648079 949812
299741 533439
661768 295541
201300 60759
752795 283493
613916 506361
668019 406704
470646 805698
336709 401925
409090 805864
986528 572098
165493 469061
767263 378999
365305 743344
137809 261159
653043 869416
767577 476759
891460 444145
576007 185812
879371 1193
412606 604593
589505 649498
713710 981367
80470 855634
803625 121102
167776 395204
238991 19335
4762 357020
919583 718619
405897 517107
603216 533905
36337 310742
251494 763186
357822 600369
952701 24189
769642 241208
426250 414292
387163 236415
333383 45341
652419 347311
367892 207839
451193 296748
765220 773775
966942 556070
447401 700972
879724 105697
775933 242326
451339 746437
659292 847184
974038 209712
799633 892398
278474 40657
277478 249985
733845 125466
855490 147263
978228 733469
96363 795980
848563 88179
109531 316835
802195 919690
216051 743672
148431 611834
220605 536608
926058 319940
532493 427254
539409 772246
792028 668977
604585 190323
94286 438536
763822 281848
411270 993638
587152 152301
657000 410538
851960 7858
388588 991944
751256 148341
867510 28734
15633 312348
346060 368332
530263 750461
453818 146060
96652 182456
443282 933677
501618 184973
82614 939644
749051 385255
212007 67157
218089 869341
450091 142777
969073 876528
352290 469502
363503 187069
165608 669456
69954 218916
380922 15712
502664 673668
325883 846
576395 689233
826805 575014
336590 149679
720520 287366
623186 52414
560225 660097
217160 629664
266720 582463
101395 590549
542519 586100
162073 46292
831026 190784
470464 969296
778702 454245
352451 395411
239691 207219
884225 820152
564718 131830
615096 658862
378240 762190
449035 66861
989994 919805
669028 83164
403522 882591
435898 961096
87469 716852
266667 81203
804220 57831
504884 75399
618718 362459
18245 737777
526770 999988
455961 630394
389232 29136
100225 392788
749665 684659
