156 63
542713134 236325596 106000900 8703507
472879160 97782504 15956590 257196099
289455408 10314473 241936524 41231700
583662134 46486575 694706484 399198127
387900720 431742636 123896150 2361751
199148713 101190338 258435289 145051875
25659459 618110416 281830516 299672470
172726359 70981736 297214128 41252315
23007882 29144388 77049360 73690218
304330224 273373287 8400868 41727500
200165667 71793618 277006149 78256838
173346624 244817808 154349055 258574116
84939454 113356638 180342186 315298308
172112220 125964995 245543331 454627446
13629212 615626256 916707 78669000
615134545 181420339 303333700 405646690
2595312 73936225 156557700 9633640
170604378 317625132 101248950 238632960
275808064 135630480 440903914 434126115
66688638 151144617 39020628 416570121
220719240 204443278 622479200 636948576
276130998 225570709 190902272 290117746
314472680 329992485 256361800 202894745
103151556 83081940 108361536 487939320
569227080 433098608 463251836 171237238
728132106 536803050 480175418 562707573
188855972 19741440 212181120 608751430
725331516 150562852 51302376 166753158
59413368 400170123 33018552 185144616
377992832 325192354 52512615 169797270
50460376 77030699 48884906 77179728
289285556 76762962 515582420 160217215
168387984 558270134 249807888 785072520
121010554 553066226 126959148 268594110
280467300 217041045 174239858 37304376
415182568 241479360 320965308 20767025
83124441 24747689 22705638 81882710
402067113 470230608 554883825 49509036
55400807 321925240 224878946 206458416
80621275 163087964 357051240 64916256
32948210 263890176 236594176 379470832
205452288 59829305 22505142 881945691
85498860 195444630 635113902 486259143
4614786 103982580 74846430 278185410
377624852 62290188 49101660 95285280
4783340 268104733 348476220 327319026
140863008 128949995 224089308 507464834
152979647 2691453 42930583 71590552
13822512 313199008 673159020 168493312
463635150 243816391 10549080 82117920
224834564 571897680 38858175 141189958
129233335 193905810 2778134 444222962
198274128 233820356 380726520 349195536
746790634 93246140 37453212 115846466
92179616 104431656 99080874 115446980
330210 787318046 143439054 108929610
620159988 637702104 43492644 311371340
419507793 170433762 257478770 205561085
391511274 627472684 159547950 148349682
97359424 251031400 171441920 268680627
114458640 124669632 639430869 89657060
352278499 213328588 24973476 61498094
27412560 522231237 292391865 886155907
37170444 302880530 270536010 215596134
519645726 619884265 33510876 941473750
229469536 31532200 44825310 271215363
393704637 776339919 36563790 341153674
25904808 218282691 624080210 2314329
133119450 28960778 155516760 6071190
337625618 384842850 219316460 179768548
194693400 925653055 370115136 253532812
653215500 616469130 28498044 412438074
391641723 42558624 105595924 69036936
258440850 497596968 361780216 438786387
237521375 201925932 206711452 7793461
215800920 47438594 562555400 705663440
365424095 143364232 333925550 45332224
924954336 112705728 542874160 72653160
6060528 455734855 180385800 369307120
77035365 15935988 14048154 551507385
82487295 362243284 482980019 297758496
554420058 128682240 436895921 288590680
263169418 241529904 96383789 404738785
122418646 752585583 180219325 436561882
222016240 16628170 546426517 22128432
88090785 70248088 39846933 751003008
98031426 24666972 256768110 705913116
190185930 263265470 54287884 81616314
412918716 769013091 616681866 485019504
67656690 41717120 31998384 44966648
726830452 232585620 73186641 273188939
49586848 431035227 224699384 9048742
493356252 16203482 166763968 16601246
105881328 628402110 850015416 26559664
427408245 503297568 367605101 554114948
89148816 46863369 377049435 596927496
96171331 279733580 560044337 357088545
371017013 106053400 274713815 28051904
41074389 19504926 30529044 79861971
412119270 523630089 55261194 261646080
42983616 827829365 326495877 56144961
116433776 108098497 2980759 698883480
167560888 289646448 369905074 294706987
422869233 33886400 174687058 300612906
602020370 616486000 169062275 532206660
27308600 260774360 90894466 32118968
295339280 216101871 96083130 373475982
25322241 92646318 499805228 131665952
465610816 641970090 697127977 309260840
57896192 2939640 35596004 183386005
303890391 254690916 190287879 22176246
34272396 286920864 243955000 44771760
551490228 296641884 200745944 580814430
199830980 873672318 532764870 58814600
115222530 258832332 180134060 695449392
124489326 681687845 360575074 410545381
29709882 433289100 255580248 375040625
174948617 569290365 48874150 977813620
422578080 158112478 290160535 269450760
117447176 460419404 92327547 353406200
75260424 408862094 103823104 4188
41605291 507061552 215755064 185456304
45605700 38011128 78742524 33003176
55701294 198731416 200898555 198499356
380531140 61229850 249887800 58257408
336359430 306293946 351011752 20003268
59465768 25039632 43006026 375494668
185752379 9890124 170812740 109861920
54289688 425661457 265762140 51098586
219452082 627691814 86916716 443866966
344720572 932154795 6520960 442063450
260540940 309238950 62186272 373740192
203140215 29715290 49844095 73736309
520944340 240144448 262306400 350544134
253700472 99437628 206517714 534101976
774883440 208630215 12106863 511884080
59279129 367242680 385334832 275509548
96702879 162795696 302438432 434413392
82766124 322119380 481189604 10688411
98303400 93908748 473276784 7850095
387415552 20828080 204326014 444708495
9088398 701299291 52865388 389113725
19155234 9018386 83681697 766090572
283502112 392161254 123629958 54755028
685571511 858120340 122234052 653923634
5139043 508581381 529919850 53555524
644499280 402814776 204258679 117108175
13873065 2877852 641122692 3848265
66620904 39539684 651151592 5011071
5403332 573141600 752155844 22040382
274003756 343002400 259525053 360943128
264451599 110345914 688485520 391995474
476417370 16662240 328174836 539178880
273754962 195977685 723900072 21491589
193543856 46668988 4434486 115344724
835304700 349556430 351124256 76638627
326102010 903340224 10634464 338949480
659088320 904938210 14627676 438520593
47698360 18945900 216031341 148512248
48948000 418161154 102764100 192287850
80061660 89102490 446306984 321838595
98260170 381478309 338311800 1797500
353096600 23908467 82925040 337340489
173579742 421196209 593883800 513689052
289712052 237202482 5544884 13784817
125083320 127155240 318235908 919239
665050032 252647617 108010464 16059516
268841674 52917498 20684720 15092415
274641654 280474530 416074312 527374750
94946415 628494065 107711400 74014204
26200384 732158460 182067800 175720500
75739752 280709373 105978504 109823505
388547320 72248836 452134318 264539919
406930873 356628960 13424445 810752068
10168860 148644650 79067646 167962248
18422376 295458786 92728368 11806839
538800352 187132209 554113473 27827100
120247848 1470693 244146018 386928150
68508978 17951872 628575922 305041659
152128536 41020532 82665800 256967914
184607082 264747252 594111364 447888155
136255308 60716146 161630323 30964402
694234944 2885670 493508487 92007006
114436822 327177939 97218848 402963664
153982863 19053232 117949280 244209273
663715486 93562779 94936745 223292191
186691960 14937630 19989252 133831970
16264410 466747376 278754339 329676162
97329258 473614800 9490005 39572469
205196585 425979472 32386581 53973272
5861190 77286342 196991688 200127642
446397490 13266246 224665536 202106013
387492140 105336929 682189066 170969820
96492450 267633198 119758620 18746567
760502784 29330046 387407088 445069875
168601680 714694167 90365366 461354689
284941074 167478206 188129592 197986318
227522922 124871488 85210716 37811100
355126288 149635098 390175732 21777210
153906970 42236064 294199500 362795598
86515050 11834346 524535170 41556320
44372185 665323200 143590692 397600950
136384920 228058818 470719925 264616272
420382545 58765185 487985420 207726051
93118005 125725122 607822996 300386048
1519795 140075216 343497903 45757440
102060228 95593296 442728160 333818810
530613608 366139400 563238300 195975728
5146500 300176184 143529828 107208573
250045600 92785635 132679448 141299808
41623260 566609340 402214572 91131910
203618416 318580250 62495 3798548
106895264 23784310 199791840 82613195
165050514 17937975 109658092 219506250
565025171 49143690 682945575 9625805
300373602 17979846 172718650 19287012
492660602 56171400 651615658 450155004
9912544 139818322 94142933 434273626
762395847 374057902 367525730 2093760
