180 93
134297396 442798136 210403732 114008900
298340994 299932347 221030944 18749610
44377440 248122197 770014728 24708987
111104892 137085304 755804135 115067339
858422592 109081126 125213706 182465244
688860825 129394674 24333568 181175884
506534886 223163358 376243140 21868170
12343705 345404821 81026397 13010499
521377920 235202030 11840877 9068888
913185 165223212 200462400 532868560
185216184 70223040 61649136 548950755
466757778 49125167 123925012 735326956
31776240 150745216 375205436 600537080
6269235 170838420 197967132 15413496
562202742 323134383 58808462 555001729
306477535 249561938 24743300 106861491
210946812 167410866 10850192 504742320
743265600 171384477 27292902 303037903
114131461 39188778 54176330 8954088
348731526 355235251 274698468 37854054
9244150 481045470 17337522 156229198
810776220 29605037 418454700 175567560
190224716 8184484 159116957 149535796
484605564 419601504 110889704 178409856
462116784 451182118 410611362 159394511
544225409 162502131 126646050 21973490
415579868 68193356 24448340 235918264
225979000 531825960 270206496 685187090
157230326 226240872 58485030 313875900
614266800 333626865 248794190 438692670
93319272 32080050 194984076 287736304
38120368 350176875 70574052 407190710
103401515 427869216 235897272 423637419
297457234 70679128 649075176 359560474
14308128 231483616 98302204 271108896
51799552 518170705 30052260 295124648
208884384 115260408 86055380 330254871
50140050 647577744 229597564 181551456
495025504 429678900 56546320 6834003
404762652 6462792 497376300 399360500
721267547 384689086 81356028 16359010
101396256 50787133 449810185 223628904
823074084 127090929 161853560 315872283
521077577 609657024 75823205 27738356
623175742 158124208 21331731 757928424
158023076 204066698 265643037 166361760
310551117 339916412 382561030 529283475
32545456 572141596 636475453 480216464
105178900 550981440 179100625 44612981
87364678 150695700 688573756 858952400
24966711 530272939 14872676 313890051
461236706 130314037 119274924 287082304
2888896 25065524 160578191 430254462
73882053 46471285 476426 479825204
370670924 293842569 171984120 12174590
106278288 171802664 97249880 19770682
625945572 202776888 631941750 10553664
304129485 394794764 218987004 117237522
129653500 267858444 436063258 185439240
279601120 46365585 272883360 5581638
38445372 704191760 114719681 9384452
5676159 156931440 365640072 859428960
242308160 565754260 538412886 192245900
297952920 674762800 219830520 371494543
33089754 174126258 479089701 389613400
703839081 359106900 10056784 341625438
14406238 361345040 735898476 737382360
331065021 2119656 770884447 770490660
107589620 148717296 58059600 629936236
491393336 226003000 7225875 81279198
90233192 469400400 250283804 36543545
711059580 27721160 401391315 364144206
921883872 466694480 721589139 192415056
34948260 387141598 54032702 160967934
511784931 596464704 12259820 676297116
232762194 19922950 210837031 682431654
201250808 150410400 348576780 219263088
313756641 30645435 645469855 618182697
6967888 524118000 459817352 96311358
134480370 360781632 448172892 101657325
189999390 74032998 126079140 481519850
219614076 202908030 41341900 213294344
608455771 18974112 950532800 117990188
34039192 276215704 683050703 86936166
65737321 107659412 490006678 64743298
341758385 350959479 212603300 352870290
3050160 561723162 396756150 172859536
320974704 85478625 24055746 567034686
117950806 261502016 275908165 165665971
227095561 168730423 715469088 621172104
115248204 31052080 49485414 81679794
414905707 10473240 59320320 20263559
334932840 421064460 249372765 382855200
16314004 194519637 675741770 92858634
139584508 11106054 25796619 814200740
287771680 32408168 235060644 560669088
102993781 437089576 21125440 153984
321512395 63983010 191342268 57362526
415500342 188969580 434796650 87469368
242622765 318225180 543376560 159126702
60082110 118201902 16725744 81107152
343217547 540558144 376358839 337736313
26828928 237070456 55196106 815943264
77541768 5765980 66158029 4918848
42115670 270417336 314099955 397114656
91665015 331243510 145762925 21817936
63287730 828341680 85312890 210230461
4006026 115542438 341996325 164878010
348542640 421801160 339743742 30675788
217813490 137456565 182404620 104889090
92694875 29519189 688687804 526361325
426450038 539119673 491078037 11635638
221975721 12088890 808712200 547677360
159303628 23022080 347983318 352526323
55915465 598606932 184042077 79988805
730263898 4211692 303378390 627158572
101916000 235572044 77074301 492708750
237918256 716804397 325342038 94436788
269870190 399204827 122868461 296467732
719717568 737724312 477671104 160010100
361628361 416016500 335658891 64086295
105447280 259264050 265019358 69075105
353445708 36461403 33811536 152506836
18155196 490554625 286974378 88188242
457301649 176673393 3159914 196073350
323158156 237017664 323582784 16899136
401893920 76500032 119305788 17613728
238464307 45481062 642891744 65155965
8524674 11985138 252832698 119599970
138394864 175819257 8911580 10779420
34129920 87592384 96123839 54275095
17609072 139688476 50655875 54130201
33298905 48585039 244149048 551994849
181425449 416925 303467244 625392600
328833120 279863090 201598900 417972549
107772178 47830062 419728140 495076270
133421204 43864140 131025330 244430660
11548530 88752378 718802748 513142656
802596960 104434356 108009500 165579204
19206525 480834225 260520864 324752920
64906280 759499101 772818849 71911143
81083200 42714342 361640836 475523952
119507091 467399302 389812984 782336739
33340945 375639549 111689805 14694190
660695226 33414730 184641150 480152826
860181351 452151546 430234844 52074570
261124020 241720059 160016560 654521
188185293 406111680 266473127 320033585
273711695 595430523 349471562 38428944
214078273 11413732 209674498 149673828
259098917 618674700 67546908 588875910
8056560 424148436 193734184 15791708
82016100 53787910 6898662 76999760
143716560 39935160 96943284 263470202
850248864 112058140 414337943 89425329
47561397 252388544 322221438 300077024
172720032 210305501 478498403 983016045
38714046 137424847 21221926 366762358
280037088 764154209 19654 128957346
419441880 581444032 464988332 311508224
93587859 10356796 350757188 514384320
237046250 251624308 16140405 327993085
169877000 57857157 632538269 28448394
498430112 385521305 44967186 182205660
31751546 681913960 198296316 10024756
649326690 87269661 184299104 245859525
395435922 97830282 196499856 121660534
38081433 298991524 449170645 278811307
128643614 174011649 37733948 312949450
371439411 178482500 293365462 136505531
11460762 585925116 147418348 8098380
945842016 591214365 146681394 19467185
79224380 119013264 5220580 353590344
832588498 598862325 36443340 94040329
4920390 48768560 27241478 25025400
512451144 47882422 538825794 244104229
305032920 298025728 433054080 478266250
411555936 242768967 199179708 134469557
32853860 706967838 71457920 14555968
332862096 262859160 443986534 403436187
59201254 185442625 688149602 530417051
19676760 155504472 363693252 213808462
552870596 143051013 357190472 533201090
32190564 194772600 24959304 410575185
394781166 123517038 408485792 72448420
153070750 70346577 530005725 33293271
320417010 306960185 283091514 429266497
215491276 34973609 131990144 284705024
18740725 42852264 926369856 270853800
253524264 270707360 149100354 252306637
101159595 12107208 11530596 56394050
87299335 67183780 108055644 574760238
458105715 217194264 225306390 106481352
147346482 586637694 501844182 500107308
165108689 9703666 233439734 443491488
484672716 527672814 66093120 4788754
377246064 133682310 10763470 2583264
35335040 188361775 687128082 32140820
111243078 144872518 397711630 153694522
329510160 157395498 65933971 46224880
287540955 207451566 189792523 16177257
43960140 527052624 6356703 256315874
35288226 793747023 44537927 58344972
508724040 661204160 3702150 223450880
61781096 243835011 198170820 102114186
777440685 24949750 550187748 34089838
51697275 215996600 99531827 19209564
391131153 190772928 242021526 36646218
699402980 313486839 283643308 154018242
111708331 277120194 637443810 23889336
129024 408099195 117459720 478284407
527947398 848224966 189240940 158497603
176879984 121959240 81404523 604779120
25354043 199363167 771970617 13225300
308358600 54584673 752603520 59282510
421374804 173587048 497530971 94470585
7037565 93327808 570183920 86241060
447007444 855066500 28732872 31597962
31671435 222931089 561107236 76249569
180576870 280430319 105179049 591248271
322430031 218199576 56091915 117782514
510615876 449106336 45432960 135020685
614194056 2561890 129752952 686428560
715301804 96622020 268503040 81734184
240172050 127563840 816292994 376766089
568879840 315083342 77374566 421648076
46051368 495540364 410634522 549724310
109449228 103540437 142572448 124695912
42786350 62667773 394999907 902355505
651932194 67227648 95279064 484464320
178379783 259335250 118747900 765190080
386834966 50577156 58372314 95618150
323788671 10173400 71994168 380930544
639711865 799807152 8684895 68604516
537117300 363320636 420626659 30361023
104552572 197969075 264435108 141180676
52921856 548660411 9655491 139167120
260577900 7673640 25510750 255403360
391676592 25109400 37298784 698953164
15444764 201346920 284367072 72449582
365858136 603990392 148367030 17618800
36786420 767157180 484123620 393641850
562700640 137840416 153308030 346275090
157382688 747887724 847123538 213192332
89829322 201522492 408918132 125851560
356871361 345174360 591984351 535282000
131507427 50105160 11997384 119104263
31465872 43639764 50015342 54602775
201735618 92447488 100181974 308996100
135380860 227693970 8509936 375232832
110093335 175610799 577937493 79674784
320820463 47695490 417759660 114083760
339267678 26653515 635087520 120120357
9013592 139320576 599994112 526617357
84677418 693467530 101780169 63268220
208908132 638197659 313066496 145133100
190636299 440714880 225577359 432642929
19746732 32024510 110872575 1501649
447123545 600297066 7612867 967055371
356431832 512925840 442735676 41516076
150606060 268960140 126278416 656066994
631788867 342208500 124310134 281965632
276175320 1373608 144343440 262431900
80591360 4971768 5393111 291517890
1318222 221206064 24044196 614077233
857086110 279919594 451448466 432216110
140127840 225504339 242865588 275023553
43431297 568477872 97057356 398720940
46136214 145552508 96227010 682691317
706418010 646649640 2299231 200867535
64265030 12630270 352735564 43796943
131223424 42344262 326747752 243398064
114969075 311182280 234693180 110583828
