131 97
37616205 221539164 70644864 354144824
269468800 151181660 228852624 108387924
155059226 250311339 392387933 56273602
704315150 748501002 34720310 343857915
93129624 3745448 15683676 602519175
53105496 9905930 282169344 768609548
399023196 262452150 553684560 126763988
267292250 173695936 149133591 568605423
448809435 914532781 430652784 549621909
164539550 58061250 20465736 279108704
291099168 132624155 804019527 366977362
587724592 90672087 79858575 32017020
210315504 231546843 475541248 375266290
108220477 423667447 572699900 308995040
68895936 655655712 70420779 471477608
240025083 11843577 126893475 484736212
125407500 835405032 751409148 74923376
15650910 735159564 725976797 389769540
230206520 9382596 55917232 575333805
22171613 257317277 356705544 624673763
18748800 239704146 146424555 208114600
130815350 103021470 378180264 31366188
180435956 126480060 579809092 388445848
947755 636762528 27203188 196045350
152737740 62129655 231567381 24752002
387000684 650567394 55004253 628793091
915649688 311978835 765065088 99031597
12700816 52062948 360749390 880846350
27230300 511354184 71944065 420522250
85793760 358376940 166352100 265607181
228530214 396508581 35933697 153702878
53800992 106255807 194625181 105618162
22050345 462272160 160790428 35270848
537461256 514777419 6211062 54472960
167958693 937675100 268624664 52344060
193083507 127202160 532690101 524983556
209256867 444194192 457295016 197536328
51515480 298382588 263977756 25969244
35312441 9562980 3856340 184091478
16017495 672337148 92914325 261045180
348965334 77745148 315809725 218020425
200365366 584390220 187238999 801481230
579540930 134694876 76601564 547919312
38930651 694151304 46284696 12091845
83154890 600614500 375163602 197259506
21298131 251861528 47417414 524060736
151959612 603411138 697063926 570008000
54951496 58361580 93647415 322776012
206901184 191709000 141766740 744135475
28206720 5941440 307005354 53106146
42930496 40102044 125757284 635668560
96391781 62321441 170078098 94288370
28818930 15024984 95529644 598105506
482321255 381684580 7936152 48552630
242820240 14393917 441329040 109280248
327813408 64229750 611981662 347888280
517754572 107062032 63978568 146507442
135067884 208230906 440161650 695304620
688701760 478000110 57283175 330431360
669694634 51940504 169610058 356660479
244005839 31636290 165070332 95729346
491817690 113508813 222063720 20926980
22769048 267649712 72495360 413443212
76632959 166396946 856548680 117263668
295230150 229440634 411309828 23182811
559710270 81591401 578826270 635172530
132463668 8033145 257606712 117531424
430302108 37777740 466630800 693138800
214201812 108630760 96210769 596245320
45525933 35936320 555219132 106875600
306477100 42634746 776862215 606462528
208126341 406622226 566822980 60796344
320055580 358300904 90500943 52730840
179201880 295800204 278323396 241767576
767012800 820611792 23266500 291058836
589483181 303856200 240805734 90398848
353099579 178806784 22236085 114726400
373793 363793950 298940092 664895315
116337018 268143036 332739896 340879628
23336643 469948311 431073832 310075060
59191194 412292529 439179407 7384878
67888132 197459310 307134191 318792163
650924472 387292536 199715890 153345960
40620920 290172 90375208 48224150
557231400 150036217 204456018 141927450
231641813 17564082 306517950 218487350
154411872 627749968 381342087 804788320
456772472 559057714 477907604 415270910
484888875 319721160 428647467 79792500
85276110 336422724 349438908 98823739
6083840 117840312 583964457 68924508
101788440 184332375 268685055 203176072
32699836 27296455 151566 58529055
334180422 254122720 93461608 105112284
197585700 14477718 46737740 134593930
825803224 683145060 182192476 339384200
225513080 1433172 6527213 95990346
259748018 70223136 26022672 760644210
200445796 901317186 30125331 118413537
429342540 54058224 351584471 470341300
323857392 885076050 377328518 50167544
223168760 178014474 6295230 136941056
448835855 24569264 157217424 551091873
550049808 40263328 91602698 139329160
93903100 281079709 279829625 320354600
30497208 218205576 821790783 478632936
228245850 54884000 166482234 16912974
14553766 8212158 237234094 189052650
556293361 184695930 231836500 93319866
605954244 158001750 276495156 184660060
376237485 36332485 4237709 467006904
76319712 218621095 791784625 28213920
55207306 566834816 576764652 293722558
791733888 416975775 196895360 274960140
473479244 141461132 239457512 476791952
760096846 128958880 46159625 39901147
168410180 369697316 308439565 67378580
174326340 150557076 466160115 131466183
486965140 484628325 337769960 306098757
188544790 31126940 140560131 91843140
140719452 87117998 527342246 50438940
454380932 18837234 404751160 69847947
129740142 309914320 112955685 253420076
36015588 73694685 603414379 170090934
272695747 6412101 703672620 17685512
27427862 683931220 7342833 64726790
363576304 14970445 130167436 716376108
158725806 204804824 41200075 673425732
9878588 675109444 258629384 209038480
487334400 91722981 192439660 43394130
15059040 825809940 96254624 78247776
277472712 73512480 150206042 511414568
51774786 101441093 9590668 578007450
63324416 339098804 155424450 286373340
130391424 122539260 83715160 146390128
51690096 695933784 726837881 338445460
169129534 155157696 521852328 451710144
137825142 107146182 196126242 327234682
124628220 81095559 11625852 136691280
68330920 75733616 688595124 124080040
272499375 998587300 359558082 252403920
204658120 199950795 31823088 69255844
604380768 3225908 282837600 10396544
6507094 140415660 37657732 593089056
4964700 60222078 16482417 33681692
62873205 354052672 293413254 111315452
351324364 710060628 230435574 280684364
847610428 8211360 176851682 60249992
96808978 525333830 22684554 103662957
17055390 53189032 616573034 219143592
612077557 213648678 573212563 45338128
21990676 873853110 466175725 164882880
5276232 674196424 225423880 788186937
122357027 197556905 36252480 1070180
361742444 245912940 251661679 221768040
947881690 59464746 217845978 212986500
1899780 129318690 10532452 577239328
197289426 245546250 45836794 250342962
57875826 31657185 310169446 797928560
717640716 137214162 471517452 82715192
384151360 29104848 363936144 179839921
717132804 307220760 463874024 78481125
740836790 241410455 123273234 192472722
51505326 273449302 208584832 58295002
300918360 81088087 353006959 167053177
78490992 102715912 55316072 476329666
584182872 824498060 6596688 98369496
159246308 675898155 150374016 880395030
87529965 294053851 409519110 775416846
317828630 170051425 132755070 214056125
128850567 41402739 244976886 537327176
28677594 36336188 559169289 86745750
175465836 282542022 17674756 315036459
10516353 788194809 416476690 317449720
7954914 106217384 479245585 237933514
333086250 165579648 605250070 13257710
20069451 49899005 400804344 403736213
75047456 432458967 93698010 87163590
105971544 34530072 257821323 175519830
750510837 22931955 112139496 231781257
586339991 321915925 356320572 11203680
47168590 89231423 427433436 67341528
420097118 41936195 35237279 77477940
89439010 652419841 433721392 287956585
507426228 191497032 561113640 523926660
137144700 309921885 52527735 45337000
770073277 305681868 83612064 146212568
502819047 207570630 475201866 15289740
388313562 14186097 536189940 137409954
499070097 617579196 406833672 56000216
129404800 228553200 193779732 207051012
300367314 502359616 283821860 519743788
743620140 52822192 167217939 112092373
8411558 232485995 227457536 12791036
225532072 94111908 368616529 324246456
9401022 395073086 43134255 110131032
39603320 152181729 518956861 334206570
4848228 102029538 108120678 377035783
797839200 19429508 50848260 233708005
63719744 234907803 836808036 597024102
92056468 233090752 108851568 430643133
166877360 431647227 761621838 132652339
272904294 197841525 937762500 511911888
15391530 258131244 356414046 238286280
388775040 342233616 234486772 11627782
688730960 289732366 260097462 34170444
363998574 151487879 512932140 150189270
2190424 139061538 529258525 86030423
9121644 13070556 438825510 19785732
401375330 96241987 229748781 73108332
33813068 32755330 312304936 96867792
275388848 22984775 146615120 334667984
461533116 235041653 89606496 299719658
119269232 170785851 262996560 194506509
526489068 106226688 544638900 65781846
235376050 233176060 564799534 251982304
228483584 194922672 525502494 226569638
20854890 28293312 79298252 572056331
125185282 656777250 316355328 209414590
152639139 180859112 421884351 116445586
41424304 80356510 396704662 565561374
65751972 226314088 320776575 54955737
48003920 132702906 496781322 125835030
59666413 10451744 109381524 73554650
107101568 300136452 297482016 481501430
44002010 216028600 198752866 444649530
111453212 90861820 209543601 150593196
339986924 288476640 163162132 469463840
