126 56
586890346 85299907 188393310 491150669
105680124 285341759 127023677 414775669
273198972 524153640 28975713 604055410
139725696 87843249 20393152 137340180
253591928 328367348 705732010 242803299
162322677 479186016 204936648 53678280
50964849 828824038 5947522 55804681
440644834 119886000 181985769 465784560
346467276 107798208 31750758 435095640
29298962 223905368 322106316 382539309
40720526 182449608 189332283 631778563
244005522 27541120 25337497 67846030
108593586 27577772 24715698 116679483
370920600 174427407 9761765 42420798
50105822 26390410 18959085 458158294
152059164 1326845 179100240 361373760
825442800 153899946 44849385 54642030
271709487 169298800 510613208 496317184
282488342 292310693 606803890 122961952
67666928 55794573 13554695 34851354
301483308 171731251 299460425 123503904
59557572 12839748 364232110 48338465
510625164 441906240 249547607 315839550
21957870 14903630 19252080 313147200
513846929 119044744 192481683 22988520
174197061 575740480 176617740 165354384
180937435 301061360 228703280 82753220
37974660 239750560 286039550 288364098
237480553 358385770 65354938 68239697
376782300 8630819 806809946 313287390
887670476 81931725 60510296 30344496
269872792 62819780 198411148 24203448
80051070 16729815 53195649 202548774
651611020 875379881 326897568 380775680
49518882 376290592 734837133 131206688
523872 145400780 169097266 284392
166894060 247460170 783619752 540294629
36717240 590845345 503508900 328572556
639965367 459029274 61424948 366140550
84740096 506007222 33428636 135241920
379331642 333096516 89330274 16143644
736453236 126822815 370238904 388152232
121898777 273706817 737144044 73810112
15912664 333448440 421003584 27370272
864215847 328805619 209398203 217585676
354338060 256145498 454454130 184473823
443413575 72674546 321778664 138697760
475677644 104740965 530012989 88976120
350132085 705985716 142365814 566516956
32574514 351515022 610549432 542527650
490822492 666427733 17734080 660750960
64810137 245068449 82671710 496859760
511540384 63305011 392263020 666628887
455416150 264244619 632464468 330940771
92170386 134236638 265896960 150397660
85123759 335067432 532376516 81759276
61164875 264091412 83381922 230362181
415457724 142121700 70867776 14521548
80889540 480151590 11212055 326745055
589950684 108466830 182882637 8395318
133344311 2789298 136549168 9887427
168101388 319495162 331086172 453191319
483894970 79832865 137764475 376355646
330781665 3190486 133189355 39806316
108669134 592242800 116603928 672003570
165919572 251716560 15875480 172242334
184059441 203603912 12065952 668209250
97385440 241174850 277651945 109736460
150853599 250051875 91079916 236981479
142216220 139121352 624402375 626582161
351582228 472092465 111121260 65645920
6054232 223887560 229683116 481058670
421193906 138436416 238968600 365997600
442798720 50738256 292978010 210827838
652832711 220293296 38414679 43136416
192869936 722270256 201533992 135022673
429136848 146954767 340924680 204808401
244584933 133987392 49386960 482939800
186603110 415519700 145416336 5254642
10084992 57361349 343959158 28315848
268449258 4025226 117678054 98798720
352524320 260572004 38739415 408949152
15236375 22929705 98059512 240725075
80931620 81312673 89046432 197537110
2505671 318300220 212424342 54315168
893537120 223939098 3943716 7719754
298186228 166560339 73427706 21922995
240121908 8501779 6861576 161265720
838234908 555847656 1925446 594031320
482810250 58227396 154345218 6215952
261166686 57916470 70715804 561639296
48086589 163726170 477141966 88978550
697114539 27022416 219925009 137005310
122916976 604268655 247525077 431148816
31332259 343505862 140638256 74271939
830521372 859788944 9163434 157929625
721679376 202494058 23389215 20998519
308131640 274082832 156084145 163263240
328300308 284965268 460396248 823180936
144856656 78455520 357765180 631182736
286455078 3596992 507554628 282992253
1616490 39192517 1757866 162104966
440779800 6556850 165302219 225882862
628059520 100949366 434757351 276506168
256472200 5625375 506693432 331583698
147968896 146584224 213872454 349250734
7046556 241099560 278694750 86112761
44019424 15034714 122495250 58103185
346269764 71302738 193828481 8787650
65465478 825988710 58392048 270559611
22079568 152024964 412018236 211771173
357756336 321773118 840068850 351449692
103183500 160404882 374639340 55321728
304922646 505045500 586048356 220708644
56193912 194558418 646375275 179786730
527807214 149744320 558946256 86520384
532115574 176443827 238678362 2709910
92279231 45917135 554019574 315443352
163785356 136261654 76834368 705447072
514707708 5864811 248234175 610507377
340117377 193098360 510415730 38671440
1873857 222612195 424724400 110587190
15519903 256443790 191367200 163552806
454859888 245775013 104708672 722990496
329998788 352947098 137676753 86105970
824336240 4125784 16817416 287677050
26069028 35106120 696753720 382161507
79706979 8106856 201205237 84437920
160720080 221674770 29058568 119109670
69615867 193607568 114332400 259462840
268740225 687790595 161954220 5308611
69745368 53734824 262351104 341223894
236734909 186276720 389589245 342299876
327159543 317908800 88575550 678931253
1315035 496210740 92037793 15349590
23365242 427908015 590702990 113839490
178977036 50714370 204029525 450573299
314902000 373669469 8186308 439983552
437054703 101192560 91380016 4821027
7773552 569195331 197450108 67656391
118003296 143367477 94657104 11437877
65019262 718807932 67518248 7670925
221720234 397812316 110057597 287679884
462480586 5433659 507091752 10098918
409549902 221052960 65276460 248471184
481280700 609902673 247997666 3582012
474137671 451812800 18090856 252626792
6634214 133726530 101156750 749545980
893476400 488017050 100584141 35310261
61975998 4547430 353317326 19447524
692217956 666910812 129012697 335535840
40345455 226749270 183378 248229411
868117888 385958832 298869600 54823308
70447668 192062553 171564840 5248155
45659684 77880800 229950160 47068248
234226902 183654746 67248468 15483664
572781126 189981839 160815940 148045639
243619991 103465320 504233503 369279060
68035368 190942016 24774408 43039302
106851612 288388412 9294062 73785752
447064468 84954525 705912624 84163072
656404000 598933530 6458004 629883045
608628846 861410410 500709090 956387000
198233532 170518028 102782148 815649900
181296330 509347000 11841318 121695066
4191798 130961664 99487136 126496926
229537880 64685803 342583059 72052486
117132740 64388115 10667645 9470217
97543140 297452932 1242010 213815705
508775883 60831813 134617100 263371104
825529914 477942388 860297980 210711515
456805512 570879987 589206051 555901232
600503832 2408499 6083400 114048
52569397 265205024 191635164 138759181
105505595 317879226 166484080 244920863
136750889 168758451 339172582 730929456
63288050 555211219 123921420 67642488
632239020 61885572 307029900 285389145
142140406 171692766 586961647 52882560
892477548 92715288 4225233 217511802
222905259 35360352 813305766 46496676
43300326 524856456 48102220 94195815
