170 61
445738850 131394120 434466576 43148475
227215638 582983427 586745184 64906245
148610781 259995285 144175916 49305152
58507911 243718876 79256287 65204
67242096 13075797 328555533 235318629
216702182 114181564 569305464 278622456
419198360 94019588 6975360 359158156
403258230 80950707 387649164 1448064
518812470 22157610 435526122 668553588
99499296 429661540 60457610 225857636
17000312 551173756 447600224 238604928
311980419 24506361 106360260 1237224
20102852 78846264 903127557 293676351
120456582 128789661 410525248 397999149
328615899 542545346 149542619 204884127
7684160 357644880 550298255 368317386
11282105 135278592 221259087 104041827
185260652 43683871 34190432 19048640
182936560 12559668 86347776 11434032
23549949 880983294 3640080 219544844
498779060 354409794 307620184 73538175
461379138 32215032 637989448 116686020
586059210 146301444 375838800 401491006
136649478 10151575 425695950 570793862
527479414 39738000 71435853 117824675
53629797 128861968 94016643 51931440
11882436 21341358 484991534 420052094
294062736 654531184 304174360 85121550
161578452 730985290 121457588 28352856
132500050 51122271 304042650 477719078
452602260 100077705 119190825 65630214
212608368 554752065 136925091 16214475
580332330 482481825 619321689 252806432
29797185 155039328 60484212 482687457
390796453 85393568 187748260 82816524
638894976 40583090 320431995 29648619
331793007 662899445 11516716 114014380
622914040 500793136 19118250 219407900
124694362 555419100 21001260 217658220
74646152 643756870 283626300 381851245
218130531 260194930 23084256 802822833
102024378 120489624 88174031 16565224
65175552 532703625 74032943 213388098
150401416 49013216 99044600 198892008
33648835 3485968 530007016 18350920
32800672 487677244 38466852 154093914
85291608 209821334 253534152 395138000
45310300 220505929 235567139 506896743
113870043 3027875 31354198 835561608
98191324 79697358 508485250 854109516
42324816 644783568 539174064 710968410
117358859 541912532 87536436 62100138
743062150 131491580 143947671 484991550
396900020 195867800 59643600 71368131
12160620 530020541 746367215 7488716
16857840 142663992 338148738 479272885
411535370 552233000 511456724 378110916
74180942 287658360 108608370 312430492
85148351 593352833 148065666 1642504
471174768 260037848 287628628 162279720
156840174 204792809 136235928 513806271
400664712 558753501 6414656 360916360
292428859 32029938 396120888 253689546
4572780 187695260 134091959 371453266
412934934 430211964 212608935 28416690
165911935 144355680 169074204 575667567
325137023 357861306 42921765 28979580
304942871 99997752 268327250 224387295
84799616 118198340 102904024 52523716
783324700 103206168 404889114 586784682
226306240 408030300 501256743 519993786
251891399 809405952 717036098 61321371
73204620 578296680 48511984 19082259
239964118 6578884 72058494 685697320
146805600 27713191 285519449 345089792
699420900 392385972 58023454 246141966
349574862 210366 106039716 81392993
449823060 33556692 15943635 563712576
51559200 10910224 22053390 390859210
3479325 104274072 267197500 643461220
443213948 16396289 183982848 169674824
249247897 8554130 52218875 222590208
92352942 246561462 615407200 430088048
79258606 206911422 69240636 197559540
264069344 361389252 344328200 8658408
767065 2590004 633087672 406474620
123088147 149397836 671926566 605852808
79720033 80903688 505826430 31816078
396981977 422110864 62145875 37574280
704009737 2965950 581820120 268700470
482231470 287939370 552617098 168871104
249514263 412582590 161724612 66723072
417251502 10633600 58958055 344948208
366158478 262775340 80270950 26547260
561527625 77798010 498244392 167615096
64706970 108204058 55500602 593281260
55942595 47993640 185799480 1050940
292568920 164817042 358916436 569925948
264114084 218646443 13885024 301837253
726763968 252635805 162916164 65858241
534122194 13625430 43074328 9307660
372794474 148210850 445354800 314808291
235556991 195389392 217048410 4878337
8704463 248083088 41835960 355433787
35376003 741240596 151010811 16645585
177468830 182893893 543718216 910833589
100367718 135016110 113461461 39692691
287628264 289371365 205112992 86588472
389256230 245475706 141419109 612929268
196222014 553799244 87037764 108899472
126158736 179266596 5638668 252276160
56823849 273273385 173906036 140097594
8400760 153444900 134217666 41339170
605225152 88302325 406976504 169372414
300439457 25187393 88269474 368718036
45354925 748887100 138055104 67200795
714816921 440622847 272328937 519295088
8655653 43482600 491113674 59219118
274825400 59025528 275143770 671892720
292148430 173655040 286022464 731717888
365423040 34914240 202534992 84470214
393227690 12474326 80091963 443380015
62091030 229270860 522374349 66597466
826077317 230812550 198328125 1768844
590204475 83168235 442123000 730136060
7807578 575042932 946523381 169030250
114079775 712551960 42062880 94700060
22136800 275914240 150214590 133458192
67316700 90016719 62965060 316468743
354570307 207326152 224029302 338451178
671744398 76336052 154167768 165635097
81232515 365184208 90432723 378000216
306723370 162168132 2593820 403147758
9563985 20382255 549671236 191254200
29948940 39182270 645322832 9186058
348061013 35203200 242492928 20676625
889851662 18794160 300913587 174099906
181708835 71251650 207940311 466602179
480177272 1642567 98115840 231026400
597024934 509552152 140571355 118454022
35534898 19794588 601847520 95883128
445275600 945573651 456581485 490623795
31283403 187433484 88919120 327619509
158200854 618300698 666066 128791994
7450828 51264081 33287977 862506552
89581184 836242176 73390800 131619888
345694230 4669731 143422165 183254728
45422835 270785470 245677572 247220181
382723329 22467588 394953210 606680881
397659300 35012682 579381858 122279502
983079 31325712 343836492 8308725
171167554 374766993 87960280 166229657
157055720 456603833 760154692 370091400
129764323 2988268 196692792 687004416
425253592 63965494 71009246 401125560
48931450 176166620 315310464 103142880
415236792 525325008 65459016 16527016
571711504 33970356 141171608 133660992
321031781 518705019 166014000 269893071
419640852 113650985 117356557 347131283
9737010 537331835 126542400 593455580
293092784 14100944 531665953 4895973
598269078 204315509 23160900 619169300
411887948 226152950 425410850 243573800
80895800 43433706 532725505 51149088
14356485 58900193 383870292 27943158
375726222 187927348 684498330 795742497
99772820 3748661 75840167 17238914
239551195 374985520 28603442 709776630
167138706 457627392 526584478 112892917
640956969 219760959 92600248 3540474
126290424 306926628 61650309 37637080
494625027 81774820 82199052 113034564
231496676 588994960 553153088 242132814
364580268 217308146 201662475 286896084
592848060 323453000 19788075 327781824
80016131 329037218 73980816 6338730
267849480 548639877 106211833 44452915
230822049 767582921 74394536 1435746
331007154 61632610 85192409 145968154
628247438 480569824 899984631 40987936
8671264 204156064 382988883 272636723
141480477 66485640 492094512 275053592
168466464 332336220 450326562 418483200
108321444 401169692 527426480 3941234
52422253 63364518 464836824 451252178
355577606 7097508 255200736 876121152
189210050 120145816 68703180 64459892
254743182 306162309 21763616 237043525
5015751 148013008 109800 171891126
21071895 236435491 23609580 337840006
94907484 767693639 174509148 500664990
842721288 12066993 174820 146134485
497498974 628270552 630940972 79653209
41680032 333492000 198894593 84441518
115423623 21621240 1111708 164343692
812350341 86304790 33680620 264167288
798228816 192775742 88083222 7537626
112191750 88244260 68633184 494515776
62457962 530736360 169700732 317791950
88206572 748498920 863798940 114293976
6871080 368582842 398052561 9366791
201252902 289501684 7899450 404976649
365618340 307008540 649425582 132541540
277147464 19236520 430408080 12283168
40847275 87165902 94564305 542126970
200631354 139749120 33093284 10906494
385219296 227333505 4310516 141652356
13430396 848372505 10104332 380803842
141780565 126808058 312980941 81782256
13786216 809236434 88761684 27052590
26384310 87565976 224125020 581584490
723380214 609640812 399961430 137064825
242691948 149035042 26164160 2327738
162339680 162064430 24358564 171039896
2418668 52468173 74069969 614921243
2210312 14801328 953981622 419765905
685505040 566785200 247966498 430663500
527550650 133492684 133363752 294845324
339186526 85790394 87313824 212563608
69900424 639938000 26422957 116105574
29501087 78042338 206316756 132524518
242122364 429944112 353254408 955221856
39736616 290069376 88557744 325202262
156307656 40974112 12079662 86208486
202434224 545142080 523148544 145378538
103216945 14962572 344926736 78133686
402406882 164508918 246141210 379182145
384089568 593297076 165403746 74963499
540061522 55122592 72035415 418046114
213797400 250461155 101657232 546389476
