168 53
29317905 330739365 83336179 95854912
118629836 104520 41526852 43092399
8068506 199831320 343663564 27114520
735416480 424072957 839807969 585435008
601835304 68953016 26940132 32400702
52400047 410903730 116373192 257209758
704857486 164713098 329574908 224513025
109352832 134720526 5869755 223484847
838457718 183968288 10490510 793897137
156165928 172949062 116892847 253408740
66261447 500789100 62686935 821761215
21930570 262269672 671052744 113976060
396098161 106150325 21191078 140391346
192560468 742658675 109337640 91515402
166370028 395124708 118798400 122887464
26609528 162239517 495660550 70042770
130552078 398005584 533369792 53125875
660861 93091665 11108440 316369114
54561236 176877146 902093300 40081336
188539792 24754444 458618048 7214531
308490273 330970584 188952603 327449440
216176205 409348205 405361968 164349944
770502294 586414256 164624005 1948916
5974957 680267088 180059616 181814990
161151672 329014396 181197170 678977025
84235393 225423135 734784351 116800344
9649720 127582812 165444323 26833820
116588080 259692706 80351622 18162898
19748932 143817432 843991089 487849104
124791713 116007654 47202429 6620427
50979672 26382656 78650656 425045650
4208680 326077641 6313552 89062128
355255470 42488160 443554748 486179239
367636700 364685715 68622552 49374588
9773817 198591029 66468500 26832792
196205058 45512670 64696506 237909264
65097912 269988552 256224486 37414465
187251440 702570501 218377096 587954160
600835708 11639920 262602162 8751582
370901258 96272028 331805282 2608715
587965994 462687841 83733782 254464492
811509200 6696921 519967256 7767732
36939440 62885865 181744920 137055024
310256225 181613553 161302200 29784564
154166240 677403000 45248010 1867320
171562932 106815870 2808261 56979126
171957408 10289318 38400966 159851070
146080120 115865988 118646724 452505780
18085216 789798720 52253514 9745488
511056480 258164346 710647752 339499734
359555780 206281940 629360332 54504336
10584291 204175900 55004425 361859253
409862936 183246766 25424700 167320800
517285032 644308950 44111010 76217535
62063300 237957345 808040253 2506908
586089705 342651205 71307660 532592160
370053700 1589210 4901806 127599030
16410569 365986555 73751820 115316120
492682566 52523415 629168064 846053856
1027622 240458720 299578450 246345624
68446946 387012960 32518971 40973796
298136907 170921472 18565578 1366863
260210240 204779423 189384369 273964383
255186074 350205156 721036040 78328984
612221184 442419972 192657375 13659915
31265304 623865501 59909949 67285335
184145130 258313704 41317824 39816315
91551375 113459555 602936100 144114390
2562132 209259612 505483714 215009933
495016690 162070722 645851888 541063200
14469461 437201694 509525668 88600551
301875040 132340760 60485751 79743678
126941274 444174984 117269130 636353060
5277630 146464503 206104008 140382477
56198504 479660066 128614668 14743284
134008615 109425470 469205324 45905940
279691984 161931426 18849285 10519336
33650400 424897104 122631320 125342802
7491092 108424496 725267321 440240512
710073000 182216242 271867560 121173545
213536340 220046750 868948920 270029396
787251597 30059988 629300610 490358155
231334300 394912070 217112508 70475772
91472184 765470846 52092250 68959996
460220306 414549917 9740192 234703201
201502288 134557794 588987252 298411256
487332762 403479360 139276742 407096523
31546140 101932470 26203840 40670028
55471038 47415112 109899480 528208646
660451227 480744926 67849830 399269475
74642920 683459500 267855852 210382744
63999492 36368535 367745294 125984482
663756471 325104440 254062256 85018747
619208136 119185776 550994072 51517504
10427895 220093644 85341460 692185808
242322375 103769462 212431716 36708743
130886406 11887008 615636000 62738796
26329348 136972633 87657066 101339352
343427402 83020650 230316680 13103578
420285442 64225515 344051729 92366871
9175599 161913022 331981390 535962836
36449030 949275800 162213975 701042651
127490350 32834655 64832436 333112591
16482690 18814890 426879384 140576975
272894000 92419564 240493575 178709252
465840032 194532000 516677632 182026792
327422984 84468450 100435426 859730760
319261992 164411194 77174415 77872470
852785896 163503824 613875535 280810062
167061387 34322841 248596192 41016580
414460736 99187776 68805596 362382912
93854376 82569214 250755160 66931524
39315406 642896920 6453662 189291450
187496760 212738329 239855040 23332925
50807824 21061782 61302528 271544636
84126840 149679475 354752640 19416726
153550599 228495147 37026330 57487374
114108000 230856024 66744405 247456722
294905325 817666928 52669916 492039545
292611872 76987488 122887300 315925090
650606587 240062984 493944156 33922605
208823550 832046880 251515649 156755136
174804975 37089786 140227594 134421066
77648176 78859290 361854968 552767444
487712718 426753185 632863896 362355796
203279744 25023420 338720533 51825290
472013750 35150916 690375210 325135724
218360475 109176847 130429008 3638032
140102206 360111840 160408146 599694840
312601680 33049104 77884280 149937360
486830941 408713140 135949240 45189715
702614926 544736760 267723300 57866697
211472382 197658201 478102323 699179387
147358378 488797157 157896255 478403356
210524820 775912000 951728064 51628570
288640419 540458683 61829140 818307369
31473320 335423100 55802500 806722371
68707184 48612150 33666480 256579596
432010792 154371840 103691016 237872583
172267431 8658618 427291296 648285096
112626372 26900970 225828490 17295071
8680616 492303944 301663989 224177008
327070368 227556624 313861787 463667548
195945960 172067400 88294503 159472768
391808430 6334434 87025448 6474059
1536885 71458416 357113960 221732478
61238744 28990950 57971907 157668390
82537371 378717546 151894484 819021519
87368064 455391118 66456488 45436444
838201752 58858288 28226276 4957215
382005200 57247145 78555690 586193608
150514594 39216780 312319410 468228780
106623188 386823168 333951904 90795708
121605945 671915840 14252088 208513600
624333804 665284976 47706269 64428840
445124505 214290576 218273633 468215386
19922598 27263970 691530752 19593390
373038810 640620806 52187144 292877982
144309406 107469188 451953075 800313440
68327800 174342525 142725957 836695392
431479180 327734268 13115180 95489240
163185880 145014730 234258750 951389088
535096016 608934056 251067674 11104550
8385878 129017733 201116545 503004577
4911970 28089084 880496195 684045120
354156561 742080294 57587964 204217038
4242324 283759920 8673990 219567894
2246130 327069715 14402520 432806295
38184384 44964241 350941760 12736116
537600543 64069681 288838181 160451654
101977139 331763451 489529518 12162906
75520400 433570588 393393455 69764053
157399695 98958860 395821305 88013296
305600229 188033208 306346040 243634640
120406080 653828095 1599944 57320910
187993182 154973770 96806556 342349500
413738939 293270066 67009200 882396900
5400447 70512950 932149000 129821160
366299073 606865248 9746406 4288950
593135991 337532916 9832428 129746650
432661550 362012160 226081625 39487453
683254575 38950522 334932255 263016936
290687488 684644331 70504392 476448120
138613314 367041415 414513088 220216698
156790932 422103099 295213044 104309730
118008264 87293768 333471368 284747281
103686784 61104956 222905804 2643600
165729618 48925487 107299458 183454946
180003789 215556336 258846672 31747240
458008660 270768736 197459460 492357169
34637745 36230816 124799752 269250144
31614460 143159896 9059744 52600869
541607833 841796425 21770576 687914900
170904454 412166550 763128387 308333140
220529430 389671308 8612864 101218526
60921324 335434400 341003793 76870170
162703470 465120672 573557808 654992712
236730291 380981662 246582940 361361098
366119208 54321204 40027266 220268282
490342482 450511325 349598126 163510812
406115208 177730344 163738580 269538367
372546346 21245320 414220224 118525440
8248743 550857636 584989458 110685568
69723108 357655986 660384348 425028075
463786380 263442200 429749088 348729425
437632200 841610415 42533304 126179933
317975580 378222 896778630 145955557
99080682 498743696 120239640 564753260
406861845 410739722 210670464 29453920
76028293 297425667 437638488 50798781
396251196 773480752 198686061 2320448
168154351 202993680 443756475 461646185
144785552 99458376 761695 702383759
427693857 85638187 291094391 219839160
189790272 141405000 279126463 259850640
85163288 164618722 22302885 401475468
208476048 438608708 215094366 22379847
275629850 10168898 359323789 27277660
85962960 81451512 228517344 159897528
415161600 541894029 118559220 117317718
145955430 474502914 663143220 332854599
