103 98
184460640 476117846 908210884 449981280
130492608 380584320 315560192 197775264
32314856 3756643 339899950 542473408
275236620 84699910 4081780 145948797
37363392 152759962 858493818 202332430
42348588 159290612 100598750 9786752
140213274 587855250 151154016 55872098
380259621 221446739 57516915 509116187
60784254 503986596 362557280 286921012
69525456 716594029 135566352 59884770
719869104 59284984 272417600 599239731
19521768 155472520 194323664 446401584
143521833 171799902 442920390 30356896
169805109 164368640 137271638 197959429
157993750 590472120 46649760 628597050
163172815 359311302 288571430 195050346
12390640 354486408 495945268 66213660
12013452 295264484 59260515 895953762
241274680 707155848 654297075 303962568
152016200 416048650 58873962 279253430
10932498 503898753 385532578 250123108
402542030 39982135 392501291 207827724
456907753 142888824 78972046 404768160
265241460 161783838 331873216 18280332
15691980 127552920 37619946 146407104
693620496 453020250 319381602 26276370
81752660 294594592 15167110 490946628
120164880 557839261 93265183 141938244
740374800 342160560 309971340 31620106
277975950 573173718 796420512 55474680
99025544 170904048 278287136 139825664
483516248 93720168 98346900 233680441
110391746 213936240 451138968 233474540
740192024 87215456 250249560 35959053
110981793 329846470 70583962 221576320
240823520 246907280 481953276 649320960
127091104 27007848 3561572 98172914
79735761 145677940 33558168 85170564
78989360 298851872 120000295 226406394
772075758 370518800 220571280 55513035
15691680 34193061 81177875 77107877
953701440 49027944 3217910 266317032
339710464 24522043 674506096 10131885
118058460 186609832 245826838 217276936
265495572 140504082 7166907 447412416
566640072 240657200 56203798 419402048
261567108 655576725 1167024 444187960
185938662 81406541 134607855 73332555
827539430 397999710 61958844 760674483
122593468 128922486 247840025 48254740
322155351 219753826 17169516 309740175
335085842 861931865 245374515 169056153
462362880 108619018 56946960 375807312
17355164 40766628 708576606 30652970
109804446 72705655 15908856 105131260
86416750 87531693 1767159 9555850
620743644 106495840 78322832 148710475
103658646 533237389 102317526 546375213
25787760 382254377 31471143 87764801
29075560 168960400 85445730 338121576
10776766 39218324 212086900 155975814
662216643 718301588 568986765 502432263
180600048 104330930 144918774 78627217
529670340 28989618 791979200 289787744
328048832 490681050 495796116 58398402
645798312 21575943 14210280 286437972
498310554 89973696 1077714 268195672
150072408 20754714 37061226 34482045
510059333 273372835 520913880 15576255
108461480 102948876 295473560 872871528
1596105 11422785 136487925 402620848
100061376 108748008 25169945 75839653
776278701 613410862 135030840 176726256
325571280 417311280 49851516 555440040
595456693 164011860 231621927 385856055
419049510 882546657 70468425 307951600
305926000 197047825 306321360 50301855
224563025 615824532 459246850 97218639
165547260 271132050 149135580 739915740
78090870 100501603 163025900 688907729
227595420 287720827 430599645 49120225
479010896 634939480 8029184 54630468
9255739 554137248 23030862 145765284
229340968 57354920 73825560 36656403
462440100 142719237 816446790 58747275
12988522 199138800 344477019 872956738
43018716 104014176 928121314 583290120
121764852 523281856 34792434 85500350
55185338 302913450 53226124 205753244
233048784 516384176 57720005 449158314
249131610 359671926 120828562 317117591
61337068 481942743 771190402 211000195
268798544 667877618 242816903 106949388
301323022 12580356 16810263 464601536
118366104 83201166 322838582 333742068
3243877 72619486 410020317 528850728
93054784 114664782 531090958 95787486
155687832 361768707 364761936 405252563
123543075 43572320 346119458 49681684
679737630 3962325 446423600 571769928
194144011 113723300 63948965 342517464
75855667 75165541 143522998 711886645
237232000 106961850 259462827 655868075
172898208 61821720 116532444 185757134
244285580 469140720 79473330 17202315
261874302 13862970 268299695 97895196
8633460 70674128 59391820 778763136
35558061 403343332 173585200 291119202
348106414 630919130 14979936 101426606
138252656 13355090 114927606 171031575
437714960 123730560 8271031 37660008
3531860 137424771 255351492 85115352
564696055 73794348 573244440 41719896
399640160 207773812 245442486 383192264
258995916 9647388 22174154 499101950
300515940 419459292 139203180 19416224
18763495 151768302 64653057 457789090
158015260 59128692 331159635 285668292
243338656 262552950 65270016 556016622
107027088 75620998 506217114 54189120
11161189 69644146 114762942 462393750
448782969 159987084 44291352 110180048
2226192 136692726 562575052 83216484
76445088 420504912 609172248 274826359
265028844 444993800 136921468 198537968
799107491 518966370 190038684 40822133
104474634 341572440 781072990 362238048
156854103 135103155 7258935 340660636
613937884 100004600 343336134 120389952
116374272 16640205 162113850 110765236
103248288 11578797 237688 128851245
491583460 385201817 2741060 290554688
305152905 898219110 246762 500072624
611207870 440940348 397642036 329359224
155429316 97724891 691131623 17233392
365269830 38776500 168317784 427021920
161120304 8351120 300809317 34972315
77266035 30199932 349738528 167683404
202972500 267653386 100094544 32963819
486601552 204312726 138249338 1807208
35417200 875334944 184600955 156799630
37093176 612350112 289198431 397232
293141270 133128459 814753800 312622830
3364221 8486550 266414720 443037250
438046798 409496930 39561528 91556970
146192962 721267866 723902514 56360360
160832378 200586128 257091156 449608663
317536275 119054780 221159700 216734785
326142828 138621800 267219878 519300348
3525165 242982936 1376190 184324700
259125552 72119436 165328014 80636382
70591563 18659025 457145608 44900686
109300331 580180914 194172210 602443076
582092550 382558626 591942225 236318376
325111322 420465500 228512502 6455540
227558912 118144413 75398624 591464096
541764825 455851056 47572975 250502638
236671422 147638960 760198548 50787016
439714828 2732393 23034165 5875040
71662266 9494814 101669625 208335276
613775939 462014576 101126718 280559904
27250256 408027983 233345368 48736331
101006040 77472148 157223250 352820052
55355606 209878027 297440891 518003460
243411624 144745200 686763840 282644293
214144720 257786676 152579504 56375651
203905570 41977702 399068568 347354381
104964468 168159424 412010720 272391896
24683184 151773440 60078653 778869171
22068240 66159064 550271484 408089562
558048960 186186399 103120798 715371525
120477630 252713274 61394268 241632534
52935650 189795111 46975650 39647076
8429872 196442520 98810580 327925281
375986099 328682274 6764829 865974700
57326100 625688217 25688040 371141207
616515552 330296824 356391080 616012268
148190120 202465956 124529600 428321960
94672676 466808670 293282568 497360640
618767712 321652539 317671537 227790378
88204365 120402310 289268200 37643430
275775006 131213045 250437348 333199046
676372980 91285824 203277256 592953300
339805307 313968492 650294293 695200548
78556592 149163232 813944 874583460
51308312 37693040 74522056 435454305
257989434 9980967 546890040 73608750
57234574 505837206 316645706 42195717
250116651 185266986 16226372 122542800
58317028 160455960 441555732 141255747
235383960 522905612 370044570 243174096
213920884 208419740 969527513 374387912
34122689 275326960 889859870 128909620
527493204 656453948 12293056 212167380
318240219 165522302 134717125 169007795
434745000 160253236 126623497 253833343
12394664 124247688 45773217 518057001
357849009 21880305 131907496 93401468
90435972 286728316 418474882 7019298
68794880 70794396 7453004 64531425
533166503 33029793 533559565 541576350
