140 54
327245136 136946940 194106460 294619738
427092000 284420752 20867187 135547335
406125129 465689440 673711960 572258323
304270230 11721780 70982010 135192600
376342792 468049182 582779658 38740506
83919240 675459561 169403010 581451486
382392912 235019264 67739700 145939368
100040580 16959248 265470031 136586459
987543000 108953877 58169556 397709928
689980620 187453175 8988876 124165385
31796010 809860875 91105327 354937140
795431819 631348130 18178902 398967300
821949066 211025040 55739856 669683456
41216658 52173618 339799064 431336528
155834 57391660 191214404 4274991
108864120 149196996 252539330 279404914
250822566 567739797 543314850 37662732
807442048 177393232 576372844 96928000
201180320 258882000 50601080 117421984
255498390 618244650 179057619 564789735
631174082 303418115 747300075 18208548
55653354 52045731 11360335 436915655
75223980 6757776 862193200 29063133
235140530 169500988 160590975 477411800
712951700 439277040 20898280 357475890
710782952 883058801 512069120 170881128
5922162 110705010 507506270 77072274
220058265 770060142 334063260 387737280
219429392 158570136 157168440 416944897
150265557 270765476 395235256 6416788
538043800 155924823 93827422 606386984
281403076 491054815 255747591 8492088
311723049 640804125 107735628 859921710
2002891 428787090 238264320 450885960
621157690 373295964 930844306 325266088
220049000 20713610 244876830 346253193
171452397 662504 254881884 342467264
129408013 224368640 717743325 10198952
524566300 46024790 59974119 94083385
711514429 5048028 251914848 174927937
6734806 538990629 414499842 217596794
133695746 376302220 80700030 509038200
101829420 45547464 488600700 554226930
429485077 36264204 191643340 78650838
7588670 81056170 369630560 199039296
143827101 68085420 270743768 181273435
93689208 15314992 94530 413238375
311221152 362511576 154457457 149554512
157658442 8731290 469653008 36939716
67359690 753493295 386512416 127489464
85730040 311119569 350710297 165200455
213410802 1719500 22888995 93888192
38912324 650789568 157389544 16328690
178387350 33392 372913079 46839065
90527570 96098919 234305412 434106530
496135255 318102555 41607286 65591226
96819456 524129144 134751513 239420313
227746140 634001952 37967472 60041280
140764060 446548182 5427592 172765824
311016948 3131182 297897349 50016255
420351030 489009080 369609687 69042057
30484504 799154960 668095765 936094394
296959489 33446990 210173600 241037566
44158320 121479488 479182104 121084288
178546389 161651916 382279596 215174950
89823400 302027608 407442924 437452594
141074415 59856525 185500124 631364163
155534372 324313888 67513440 200662914
281225701 80179684 469564736 175120270
423650500 2093160 759681940 236503236
220739596 293542536 520741000 24302016
490010560 664040454 683059978 105825153
101853144 94522400 141607908 19081150
472052448 50660412 117140925 303539390
468674358 239525991 80759943 5606158
38549840 510047226 456585072 8777232
384443220 525449880 179482324 396047023
13911324 54909760 440016604 537224696
22845966 837417 213598000 17272464
83725348 86404353 407822658 66095712
839499724 477760468 176700657 93884616
585787008 90090432 416266500 147313878
444601900 344755444 15827700 838074075
11078637 17626210 681070490 285160095
134437758 158969178 620208190 67667424
93199056 120025800 332524614 335264628
277936328 369087138 131688920 288692734
149170800 718180704 250055361 79298220
664773186 261871879 193835673 42142770
64965648 264644253 579151316 141146288
666050832 242424270 499078087 481724991
389519416 271724068 17990511 134845900
22008384 309237942 346316438 192916430
14770432 511108668 582809535 9236976
448331760 22898400 488834578 22129488
317496260 148770900 262489392 684706776
617700816 117962208 124211610 279210000
228715872 699726384 398548176 121666230
313493884 177466419 636409844 171251980
665933628 8846780 417848544 132721010
39418028 6304440 347988249 437410748
399124224 247012692 32257704 461801176
216472320 137469398 367073974 4645536
176723888 947415 451665952 8753912
20434792 699125454 182066920 405594296
420586944 837766524 22798278 514715784
497106080 563981520 574144648 773488212
275466527 411101072 42550424 286094715
12018312 209189150 656880718 185042610
285978976 313680780 348040826 178869430
639510117 265699436 3226808 248192880
592355547 13460788 10514412 56863700
489740823 66107412 152516133 331452562
800342386 294023104 454218960 21861477
228563348 4749504 710048892 290295908
444639417 335465998 152056483 776156026
110456665 650555856 439428444 59047780
215953595 67951250 837445840 424398825
22545516 27327700 54639480 20032919
177104991 850875367 43246870 852084
596151204 161533680 327487329 135227994
5729820 118294842 59130200 126084552
390324464 78958464 56109945 178436186
431780382 120904340 18652344 75525895
147075110 16079978 290705175 15669159
36520704 672129367 258013250 449616576
82885360 578187415 148619596 48770939
23674800 795152250 171800202 273004328
322482095 232893830 78558921 478485696
84048172 595541142 218787756 72807
4140498 152760432 786120388 572985360
103358034 26180462 337483728 6271926
235101666 424570761 314878120 646843072
412455600 594802278 178393864 200404987
23674770 324749920 125184140 523497700
675238 768486342 657872342 16793616
646107560 565673454 224388406 222524900
184208052 260545468 168570621 158524142
258963910 426778720 379022480 74101216
88075752 347767168 467508804 806934668
748416575 19054815 3803252 191803118
209766912 5501973 457271808 3770736
64002900 9410470 26562204 19215348
139429158 695936787 783121920 30242465
139904338 343961982 550346166 948769222
137185722 108560655 28988226 143380920
76347816 263306890 225216483 87404288
220762556 249381596 141068250 91623140
98908344 27294715 103830825 198960051
831914280 328533120 197865734 55839726
138520935 215564250 701111084 269290593
346005701 19087552 87303573 167580918
48295410 201711105 78294758 212829716
110113057 53768660 37843272 719292982
40166880 183674344 266573600 339928605
368200616 83043324 193115494 117679344
330974526 119912030 22280610 301040323
76415976 98022505 9725250 189186464
403290965 142681000 197608320 7883360
374374224 207567468 91278794 6194216
296977135 58875369 604185804 649622922
642977046 7621640 529018131 739416958
190158410 614232270 71212935 239708950
1254318 44232810 396230184 410009027
801313236 33453972 79331900 14505666
518772822 30318204 159719736 28946127
362706789 13056470 414115544 33876824
136462528 16808538 581121060 5675900
593454180 7497154 41335806 926286432
467610500 96506160 454527540 5890478
276432364 6764715 505100640 508580968
329942496 952434200 67702392 312022869
56590506 500622335 15726207 563231500
488860535 470823400 367878537 528674520
753476080 68265820 171700230 467406024
681202626 299223284 111626991 280905920
256819748 739115 163762797 164283478
682324200 439121169 98552538 59933080
337316224 642067530 526280166 277992310
514162770 92435300 513229140 641412849
119596700 62736992 183851305 61727598
361160080 191766734 110555610 55983248
72388092 408829876 232132905 63846650
5559182 134838848 397535918 586529216
305758080 44465268 489636576 489094105
323117310 280090810 260700207 12416712
449251600 60123514 4104156 43160932
247035160 356380760 275366259 3027050
877758660 457302800 13246530 127316340
686319938 556057480 203241432 175055550
74379930 329904612 69689640 32224974
292191480 212748396 279790895 76812780
873679776 63669500 448020836 920851070
778575726 13226544 30182724 723048185
