152 94
275310940 3815803 574771980 92316455
269699353 37568323 92312350 423502794
477022454 436675881 13831752 67483364
111850200 133030419 191028304 419176429
577837004 519561720 137452656 448919874
41294596 117085086 674987643 452135460
4722771 587300184 74676972 5774356
6407647 319810299 50497698 236075931
654380084 369246921 310767718 39319056
26915298 245254020 13094416 303164824
583103583 199892290 103674261 44825690
70035737 63339585 144409821 125868742
478547890 98188902 340294139 120599550
323695804 90224032 57819594 57698560
127389782 293686400 633587173 724835200
205240743 141331960 138352500 610194844
375685464 583409900 164375046 481258596
732948370 8442265 466111814 765236013
1313100 18112082 355075116 858073915
37726854 371498328 67128369 2409225
1917056 120493296 128123034 287515421
30590096 369764896 113697465 42963940
289727025 200016650 135630250 142493580
247410675 59199942 11085285 258731620
276911355 41777406 302638 7341842
134396115 148829713 8638834 119072241
16800923 87174072 140744656 723895454
394055880 272230896 236451105 55429284
149481882 363454108 238274025 482815900
717955764 148827500 57146426 482533948
29841520 261463670 217690920 637235628
195669864 185080298 106795226 17922288
808395764 179414481 570242827 559418769
439608312 179592840 51451715 286599684
459584994 5324685 207359007 92360448
71205672 444669390 29406006 74936064
227010644 344383559 144684410 88709920
21860224 215058250 279177976 205295321
37477427 140004084 365147804 1845681
431072370 62317040 216424404 68831248
14666556 455330460 129508 333223644
83877066 489773394 614913158 161190652
70904304 184065024 35492160 852032520
71180145 87969725 381062282 106466914
228369126 378815352 549832756 16782160
601252657 37280354 173940700 248300200
467199744 382996495 445756685 765430560
480564567 108003540 30512502 166010336
41498020 12824271 44158975 75103002
125521920 509874588 357054514 11369852
116801424 609964200 580715280 63923688
269125717 168090296 82004208 58733910
90824063 231119776 152495721 186640194
50555376 758025124 591170308 347771430
291206240 68603535 16734274 172060333
52198254 152027648 40411290 499236012
544897444 136125375 108142488 87889048
158796 137225280 79798425 279457862
531195728 86921409 227325261 249290753
24500434 138385860 332653602 29323832
35421756 25724043 42490137 23179233
54618120 222307540 98039140 731206630
147369480 140745410 479599398 316962828
191301280 343075880 168604240 280055328
225372648 372939918 72699202 350797572
831938370 303154053 64578190 33834428
362251656 118259379 608130909 176771892
37675519 228691885 150829239 155704632
340491120 334675287 14274441 577587648
23182194 49992824 480881361 448044681
540811177 294259332 8872102 544453560
189729475 311666580 669681448 14946075
11895873 7691664 827389390 454850704
428682276 237649751 320462600 423511200
377398200 71805227 86672896 77204010
125509436 153094051 19829958 62951080
33624955 13095450 44383261 149426515
35672477 150212441 379415066 91285549
162885537 399119532 5495685 4698630
45715626 77448976 218736980 87908706
811824048 92755280 37868512 229243309
6159288 195706800 479836440 34270551
878480370 214732620 358328040 116953810
23495776 19385919 164911420 692847602
522761400 728523552 21452790 555718408
183997121 65925332 17796723 187302361
134363580 7128860 69192867 125139234
612327216 684536469 610447565 37840348
33996550 227309950 294327256 128975871
458281320 201229461 108366300 104809152
68969934 433494900 158700648 103496848
243055056 747153168 68911008 108065408
24461010 815077116 753451519 4478072
406091968 153799509 133014588 79975140
430054464 366795880 1098687 195429
1624090 29925658 14652494 39477827
105992906 880195296 117424190 16363158
368936465 594623238 476392392 306936588
194529676 334562460 875174355 44839190
619518296 245450732 257289536 245909391
66377520 483115311 304385520 297352968
354470315 1707786 122674656 210512960
656072196 222326192 165306540 177902892
358084010 111902265 58379652 108559788
708700362 169875328 220429746 53490654
239827974 202158658 39301372 377688150
165295660 136025967 376281564 32212235
304922016 234936900 264074604 108548242
899964 44326724 388478735 101995790
377044836 243018368 15494423 307335852
631448790 59586820 227326488 378254481
74864592 742316582 261181315 148947591
333460098 50904018 425790 140793334
609397548 388786518 355308200 21193875
854770528 102974544 310775552 38557179
407910603 12377835 64420590 713939274
171426990 33183585 386458673 15239590
201607176 34826859 130055977 208925284
15702212 88149360 1331543 48929536
569362170 250434408 108971863 120833874
50734307 347754048 369136186 629442216
405578806 367198132 243134271 260229120
217098012 39125042 61702586 302224284
132162721 118158504 815837310 52286436
335626110 374056914 39254700 639043594
129440300 176937748 272796912 17135454
416868562 97336414 181473072 306262539
487320478 402287424 66839640 461045598
143774400 279241074 42508332 786187988
259992832 79658777 770397492 523562160
62561556 7259890 224586625 790731690
513055900 25014717 70424280 227790882
626097360 700173166 254892225 505380850
63391986 16640680 85540980 182287742
170202039 243483052 21065160 66603432
468625230 369459984 950369952 116652900
773416017 624301227 90464736 642695959
431861479 22619214 215154588 363086457
59526170 185705585 66071292 4025680
56114604 125558460 127019172 319806103
277931960 276344248 513766480 1702232
346636542 32149079 23146136 79633544
12813792 10553553 800498658 634516076
469995300 17000620 296086736 597978273
116852259 92220000 174387584 63484477
21768759 8604242 958230504 8569158
86553822 11666682 7861255 180539292
8311824 311766128 239621480 544587726
312599742 670938538 290593071 263909005
169785666 329530146 387308307 340219061
541396572 50149320 118498086 520019318
161207410 82056144 156066001 353903774
371858982 128268171 331986382 305202065
379073764 375822120 55437816 65264676
141946100 11150976 833705856 86242462
66073640 67376396 76765632 916863598
605116032 605651520 775868875 540672150
380511954 6691200 217957554 1127224
39436736 4035573 592652088 40729734
641839360 152816334 219348150 554421096
15961680 283513068 20663298 25285887
133714364 32281190 166846092 630539910
16545662 577193552 321588760 4615599
298305124 32684470 777494094 589911525
17514816 469372192 2890230 208741764
139287480 223887942 63136864 275364675
474910030 509330782 633366364 298674054
616225870 219403470 45152136 302925420
118165180 74822013 46115049 309071612
125630076 190124922 60385192 118625926
127782480 239413412 166702162 4040795
651274172 1915623 11321421 116959086
336123566 286648320 56262822 234956150
31561075 686922885 109021588 32903800
167936652 625293888 99233586 736429204
247721400 19807090 576376665 37629428
173340177 82824728 449242196 24357494
49486455 922175626 618411200 15802162
657474774 2369569 148521113 594241788
4288393 545299620 14213418 77715024
891112040 452034895 12141458 513339332
4945044 167119676 17960400 39346608
17298010 83788600 278262222 413457850
729374250 157592000 859501400 2133109
627417828 28466578 325923966 9301712
403696038 287182125 511888500 19456480
348685155 12244940 202813380 82845900
311028471 316366682 598042251 272843162
633854848 354744222 447671826 234405756
27442712 466787664 69680910 43917127
103156485 245172480 230317470 86958062
147142672 11223315 678650280 359669024
799967760 22384154 67022396 13388463
11246402 120213240 242701379 114829507
14141140 6895060 497234500 276172524
55693173 271944702 883418304 445523526
245085932 603539972 382663776 20002668
130120800 85713354 12817788 19757892
573554880 23642815 200547996 142940
28536606 80313840 1333133 419864104
89021268 30647541 181077730 247919392
129075624 536917124 448587636 30856304
353818950 119914200 109225920 88642299
233971167 278339940 956867571 187343035
477616210 622454321 470110888 515609850
185503725 701942400 31392804 265873734
45915155 238241100 633552579 155234244
59741320 19880003 6924144 303218544
25236072 94913472 370408325 356799380
94280147 119155631 11328875 444966548
425377984 199225344 93019500 16069560
53396163 405389878 169813125 162312808
617303733 399103936 63172288 103862990
224439943 333234200 37824950 663510568
459410547 90458325 184868202 181024449
551430703 15368680 499539818 36824475
150387665 17740984 163985310 58916154
8134300 226252196 5565582 14204806
165736394 244995264 101232082 28653292
457424636 212988906 568601814 19791705
284951520 831725076 84259674 451124070
438487597 270595550 60179665 545025624
116527796 115617536 39858546 81640918
32860542 26279467 518292488 279703200
93671064 136308102 8154312 239860599
72389464 575352 427802776 167176059
85627740 250423560 272015644 8409524
490389606 605872960 257800720 76222636
379069314 83074316 124058112 493676829
1883470 66203315 102814790 570669372
123377750 110586196 331108960 205238880
159670632 144837880 18121866 647402272
169068228 49207680 292339962 150304968
320403528 764922906 962365906 438707584
435518828 125239200 52203240 7797981
226923004 242924550 40415661 354205530
276203614 188436776 470431200 414439935
96197730 19324536 24288960 182562900
50305164 15982431 650022375 734088246
219442905 158982025 44980741 8207228
29635850 146197968 31187988 35767138
107272694 587587464 337197720 704043744
221139744 35182992 2225067 229951720
27189596 489922560 11565240 734881542
340042358 499389983 399221570 170814656
183314112 138063849 19037410 94831641
