191 58
208486200 247532376 41237847 214199958
169540032 418871200 22842183 133487584
180076050 85064810 4474680 51053304
352937912 54264104 977691800 4967830
290303104 482046825 48823628 73553600
180308072 22986600 174545533 93272957
8104122 380271346 46118036 292269042
860246640 312025888 253060317 261721143
223073675 394707271 98090586 87842222
688437904 250395120 708543329 22471660
75913920 719486276 6217826 59841551
11240100 605010510 231266510 159560480
479195100 17556187 215568585 430371420
663203440 219197056 61221012 152969035
429260660 846401242 24937896 806490804
585580514 405955354 342928195 189658224
247759054 61016360 245950992 99564393
126994145 746201886 58586924 150797952
137851657 393422470 277398261 240064248
56501280 660204837 190751841 383299000
649530648 720317300 143528070 62072352
458897152 99695507 374068160 640479778
83644128 276470238 379144112 398309199
522140240 20645334 95646896 685227620
871202112 56198352 217351594 249598737
120601144 761420781 509418558 176483505
126570321 394812251 510906088 124054386
53747325 3693782 529331656 133757024
50675286 231039554 25277875 419430088
533624758 142505450 193001102 232082568
208866693 89301806 123533046 262188030
572812560 255493131 850545746 16382368
150241410 897585 114770096 448292109
9260937 227659952 164233776 464816742
774497854 415468826 513760688 710109360
507199689 67801320 165288960 449284975
451639850 38943342 168904596 461243932
523009938 327398670 59833125 17823168
743314776 30143961 646324492 42206648
614843828 129895263 234776278 618426288
208250418 102765840 428214228 742255136
591656738 91483634 65748930 124315598
355239162 104517271 322257100 48733212
74100180 82814875 165689325 97899060
347312210 636210820 292737024 278782932
715328656 147235116 649563798 253473984
101887692 92987664 30780096 548140880
110592552 35823345 554211896 254450196
163574334 638967204 10586504 83637372
117714688 102872420 10505664 473687240
102660320 125356475 8976496 43767432
103281986 440378050 9771736 144117184
145017680 570475710 102138984 330770768
11119806 8018136 484286686 671257904
44068755 840526227 51226611 59489595
170901094 67543070 459134138 26472316
501070130 5534970 5069238 27485436
80946594 21423792 297602220 538342116
195673698 19025640 37072165 74206287
324931250 9832998 67189815 480020706
722794350 236630400 8293863 571713990
682580795 253374624 103469550 4708110
513113373 2090389 213431284 154273098
428467416 375512468 12803208 15936994
18235220 210899845 114419724 76472766
330103560 122291000 412717102 6412770
114438079 609607232 521176544 44878698
246451796 461537328 558854212 153785681
429759784 48623868 149212856 134618760
22153405 101948050 197224275 296538870
672265512 275633928 313792446 472785015
14870040 276590160 24403645 399284560
530868384 657225760 151468 19967862
3279115 454740560 143673154 53772060
912429504 92228928 169799450 119143458
453051648 204116185 609069120 182962416
340247523 223212570 45689763 97365750
360768100 517641680 132244812 553861680
147638128 331239022 698547256 104682075
606338889 729044148 373111816 290548881
261306088 285383483 175543360 26856648
332000658 97382832 275148048 252372796
221267898 169747636 120977010 703275858
49289604 372630750 233875668 1821214
204069769 24595980 290391140 487850550
673848585 267546419 535562995 423059697
31334870 413384577 53108253 251913480
199222320 42663426 304136404 160183540
247646592 106818210 523916976 448484729
138910568 56767440 502595648 117080632
496559550 865333023 214321248 463208659
500174290 825917148 575666793 476110960
122458800 323767500 1893080 40695030
197702463 723280385 55202840 289419624
531011924 255075719 20717352 689879381
59751396 376021872 670806184 271787343
69824014 5734469 196273824 142142874
522508545 452653320 291579522 329751919
234082440 1576042 355683555 630868720
968331115 221075250 250353708 22535976
138178755 579423504 620890515 460115137
102239004 401813400 194035688 202346655
414927844 1705930 571168080 647235743
626263218 166476000 31773320 206305506
29991430 550803638 245652957 142924824
482256180 562992826 28351185 154694120
166473996 96911980 86463120 303716088
137226864 626212944 42166812 18776510
829337945 286387006 3026000 786695430
122643990 973887651 76455120 235262152
368738807 307844358 269662848 4310476
938481418 856123550 261230090 283355648
188634360 46783115 474836724 6887074
72776400 69611340 234072180 190891778
17309493 13530888 764920610 64852759
294057990 218854740 3131730 105385650
296314668 328085772 887442580 724591186
83397614 109119150 109211636 624850044
295090460 58251600 737556617 39736116
138585520 703787642 362649648 221826594
274372255 436375136 21854465 124653825
145869394 241420564 29746356 818670420
136618896 304243135 142117530 34046782
420138 897682516 247837968 544131544
94619074 200079352 38370519 207307140
222131996 282740749 849390720 13189827
141969942 600149293 19981008 329602950
127668975 292516420 8475192 715612500
439965495 146135961 150600180 561106722
505923300 407934150 452102160 36088410
8621325 156406741 527587255 350589121
165143154 4311212 130291780 123346079
107942814 54197627 108348408 652134600
294566348 503335200 84508210 220532501
192746592 911003643 186751732 298773474
896194026 310250016 370897428 292417389
6753502 267173775 541137039 364600442
317489172 280704900 3077240 17775066
309776148 39489996 114499150 202467135
385573336 505826783 437104356 113882568
214752780 910604664 58818270 787292232
31291078 610891279 226759584 198392325
324982152 494588943 211257216 409198272
549797920 142061256 508146234 44416512
120793085 628097130 120443004 426691236
94512748 58839825 683478000 25352088
336917880 127580880 526186846 71637968
182650561 231664550 82072158 471979650
285022742 37300096 340519896 27148950
240970968 6429885 546635686 81455022
144513578 96747168 43604315 90298176
51969995 77952848 744572175 26884533
143446327 106687757 7859240 7912896
211057155 225267543 233243153 12359574
38097648 341330497 413947422 281712312
26441142 75673883 326613984 379921074
24940828 251472096 381541336 57082532
69896484 553943896 8653689 150395943
265799556 441552267 101922582 566479611
705072200 477602358 121019174 144530280
55102788 736659418 572868800 23187218
348130236 125142486 8306060 85147875
34373449 50929368 299674000 194474500
71353408 756149607 70312658 66828944
4527360 71010247 188666115 25081856
47500076 97829290 125787016 308028840
287283555 346643892 229735332 286758006
10433045 4891016 486446112 3146402
244526802 29453802 195544988 239059100
67556520 2652993 15223356 130070496
838437009 76505760 813880525 161674667
95785657 93451020 477863813 232611192
48800217 21741216 54179289 68812224
196848288 702823872 502713624 419341824
207836550 232533630 489470310 9340272
490628340 354540760 554520260 466485530
279184290 347544182 109893273 198583081
333060840 113754006 581177622 78520092
225939844 18866092 731668812 75789987
150291922 472624493 97600828 20941939
178770676 642816688 408621256 64591860
35726976 197757560 811239590 98196580
930028 851000220 239476414 87080760
82206102 120074374 634445705 573487792
50086595 730237954 662360048 151337250
151195990 20420850 338151905 620043230
155808532 62239752 594630393 218063151
98368842 30629897 280987760 49813536
148196568 4669184 222040224 273774488
492429140 158077016 51030486 965125750
158646480 645498916 330733382 152291040
4510035 181867696 67928224 667731216
31400775 426545842 119029430 14427066
488386899 471036880 113769135 94916316
439908920 92781565 157646718 17387596
411953269 612328779 486483036 264721392
198835208 652433700 251890155 128456664
5633896 191079846 372823552 501010278
297780444 55414382 162517964 66807450
212090427 655156755 199804948 189416892
151160807 29170600 99496152 125024457
440539424 159899402 185461995 352169370
313386840 301977522 44028012 197523460
460035483 505072280 310598429 375836312
19606920 317838066 618799240 376961922
596937920 56775570 9951120 37188244
213199100 216583724 587901408 139471333
158708725 254567877 191359168 54677184
864297889 125240192 404679266 39993350
281353779 23500032 52664820 18755471
309351822 169110368 393624336 159923019
246529700 592475890 451185702 56243988
50587110 35180379 8204224 25004625
87772662 676840176 288547805 18341648
106110155 74643590 734405290 284872224
708332850 76113796 29154403 32690240
109710156 730422410 449832348 114234428
320495040 25613330 53922232 482669824
43401510 694345196 153751554 267917370
9068520 409421880 4294632 340214688
202591312 123667038 596629944 21762540
95037411 38572336 142344523 233083305
36576810 370276852 6282255 483297089
111444975 397932105 133545360 43740221
140033154 439355664 599463931 9333753
574201069 22190360 258602592 650000700
78025032 450705075 436927042 127570368
4226089 193082919 9902227 115711375
558980034 310094004 198431370 245181294
275090640 379549991 523147260 172881852
2806068 284067360 9632700 382107180
111186452 259415712 57337104 241906416
153075125 559038492 81265678 340067252
726522410 548022840 75935600 190324320
179925018 310663560 640220546 578498475
580527879 93112050 43358010 82299032
56072367 61968242 73747069 419312160
216147800 16419696 86421088 315909246
18262986 175906500 245156200 401526452
303408975 81413450 241969364 170134110
138467967 480419320 151517951 532290288
756360176 116903802 85336417 717632815
12086384 570434629 513698578 89019864
507301163 13862892 320617104 39715672
551544200 470849120 120024150 246391552
20038500 336930135 143398566 149095800
231403624 119955270 116525160 72054472
131544380 154559792 519712474 60944600
55251031 10710381 371598638 304693314
