67 76 509
45 50 40 5
20 47 58 26
60 26 58 49
61 37 56 16
28 21 13 67
1 53 64 22
46 4 54 34
26 45 44 71
61 28 50 38
64 68 10 66
21 17 54 75
24 66 34 8
18 56 66 44
56 62 29 38
24 24 51 62
50 24 50 31
61 63 59 34
25 63 37 2
19 38 12 68
59 59 59 7
20 21 5 36
1 26 13 38
39 76 66 49
20 54 38 61
14 11 25 53
8 45 7 53
14 51 19 45
64 17 18 62
11 15 9 36
28 20 55 61
12 59 38 45
38 33 51 3
50 23 57 54
52 69 16 7
37 57 8 29
27 51 50 17
42 47 25 69
25 17 16 49
28 39 1 49
32 51 52 40
42 5 32 41
51 55 58 5
45 61 52 8
28 59 37 32
14 45 51 11
25 61 25 11
14 74 7 12
67 54 48 4
53 72 17 63
50 5 55 21
63 29 21 36
5 29 2 69
15 22 65 44
49 10 63 75
47 17 11 59
63 9 11 68
5 1 64 74
51 39 20 45
39 10 58 64
57 39 65 7
63 56 54 62
6 46 67 31
13 74 14 72
21 6 61 4
66 42 2 19
49 41 18 58
38 68 28 15
27 19 4 33
26 38 62 70
56 74 25 51
30 66 17 3
3 22 19 61
64 14 61 58
33 70 21 27
65 16 30 11
57 36 4 54
22 21 29 58
56 17 29 50
9 51 2 68
33 2 63 12
42 46 56 11
67 39 6 27
4 35 65 50
22 18 58 13
6 30 46 41
6 58 4 41
62 10 59 3
30 67 56 58
60 33 53 66
12 42 62 62
8 23 38 4
32 46 38 1
25 58 10 67
4 53 4 6
22 62 34 10
66 20 27 46
27 64 13 29
33 10 5 57
16 4 1 1
1 2 21 56
31 22 47 43
1 41 62 41
18 59 1 69
32 15 45 17
4 22 16 34
60 54 40 66
27 25 16 41
44 10 34 63
58 43 31 65
50 43 8 53
66 17 19 40
32 59 66 32
37 52 1 32
16 23 65 37
14 10 22 34
15 16 29 39
16 12 19 66
24 2 3 33
22 7 37 47
41 61 33 42
9 61 44 20
15 48 14 73
53 24 34 46
54 45 7 41
14 60 40 38
25 67 19 10
19 75 50 2
34 55 2 6
37 7 22 58
10 17 62 33
47 70 36 52
27 31 36 36
21 69 37 59
52 10 18 55
1 52 58 31
26 21 67 32
30 13 57 6
56 41 9 35
58 73 40 13
31 75 20 26
2 64 13 9
20 32 18 61
55 23 27 12
7 4 54 49
6 3 67 72
44 68 55 29
53 6 56 25
21 8 38 22
63 55 11 47
3 5 12 76
41 48 24 43
13 76 66 25
13 34 48 61
40 28 44 15
1 67 27 69
15 7 7 74
5 21 8 30
65 66 10 37
38 27 30 43
34 45 4 3
61 76 27 67
11 60 52 15
6 35 43 55
8 15 50 68
17 2 15 33
48 76 2 28
29 54 8 67
6 48 17 68
43 9 6 19
13 61 44 59
66 50 47 64
55 62 31 53
57 42 19 31
29 25 58 35
2 62 45 16
20 53 18 45
7 2 5 16
67 46 44 57
14 50 28 29
23 71 20 27
40 57 66 51
8 27 65 73
5 9 50 47
11 23 28 33
33 36 49 56
63 52 10 11
49 19 6 38
3 67 28 44
53 16 17 31
19 76 67 9
29 57 22 61
7 13 36 23
1 40 41 35
6 49 33 54
30 5 6 71
40 10 65 46
13 3 60 36
17 4 33 16
15 13 10 38
17 60 67 18
6 44 49 37
67 37 26 10
32 28 14 39
36 59 49 13
31 15 10 9
23 70 67 26
12 72 67 20
63 73 57 50
31 8 12 11
14 5 10 75
21 58 21 47
10 7 24 8
62 72 25 8
40 34 15 26
2 39 38 5
67 64 14 27
36 45 37 62
15 30 37 74
61 70 43 26
50 50 67 53
19 41 7 35
9 54 12 6
3 26 57 26
11 36 67 67
35 67 10 61
14 47 63 42
23 25 5 65
30 29 7 49
63 59 48 55
54 76 37 73
3 74 53 68
23 24 65 12
2 10 26 29
16 67 41 30
38 66 29 72
22 75 61 74
40 74 16 13
59 14 24 70
11 69 39 64
22 20 56 6
17 39 46 58
47 26 28 38
12 10 26 23
14 6 26 41
36 68 20 62
44 22 47 5
60 39 19 65
2 23 44 69
19 39 46 23
10 1 28 57
13 2 51 68
43 70 20 4
17 70 22 49
45 46 20 51
56 69 63 30
46 68 31 52
11 67 17 46
14 31 55 17
48 72 27 23
63 22 22 6
26 46 60 70
16 38 21 11
63 46 9 57
23 73 14 9
10 56 39 58
22 26 23 56
33 24 30 58
35 55 11 39
18 21 6 6
31 70 9 73
49 33 39 47
30 60 7 6
27 32 31 72
41 54 57 15
37 48 12 14
34 15 49 47
55 33 66 70
56 22 4 60
66 71 37 18
18 5 65 33
61 1 65 38
45 6 50 48
30 21 22 59
40 30 64 8
62 1 40 6
44 38 67 33
15 75 66 5
34 74 66 2
7 62 40 33
15 54 14 8
21 68 65 58
46 56 55 42
62 34 17 35
7 66 47 9
43 66 41 67
17 34 3 52
7 73 7 40
24 37 62 64
3 32 58 28
21 9 38 17
37 37 48 20
66 26 12 22
27 7 27 7
32 70 46 22
25 45 63 65
53 55 53 44
48 17 29 74
16 14 60 68
36 62 26 39
57 10 6 69
66 67 5 5
60 40 53 23
13 12 6 5
16 75 56 59
49 61 42 45
14 55 57 58
60 72 22 8
8 16 22 51
37 28 18 14
41 60 64 9
36 35 11 44
36 17 3 27
44 7 55 6
39 27 21 60
67 21 60 65
30 9 61 44
59 38 1 14
57 4 29 69
5 13 31 5
45 45 2 12
64 12 9 4
25 3 62 75
35 70 2 25
53 27 15 43
17 52 41 74
40 75 1 21
45 2 27 57
36 58 58 71
24 47 2 67
59 31 39 36
64 26 64 69
17 12 12 20
14 76 27 33
3 35 51 74
28 56 56 38
19 23 47 33
60 63 50 30
46 46 61 20
3 47 39 69
11 70 32 2
1 11 9 76
7 36 30 54
37 56 27 66
5 52 1 31
4 63 62 26
54 73 56 43
33 66 32 14
67 23 33 29
52 13 4 72
47 29 16 70
18 72 23 32
57 43 49 71
58 68 39 32
9 69 31 20
53 26 59 72
63 49 2 4
44 19 1 35
25 74 62 16
7 71 64 46
61 67 38 8
35 73 38 63
67 52 7 31
36 6 44 43
57 41 28 22
47 69 56 15
60 46 44 63
40 63 18 16
44 55 48 51
25 52 18 54
57 30 6 62
45 71 42 36
34 69 19 8
48 57 31 40
9 31 53 59
8 6 1 34
5 35 61 75
22 36 10 48
22 55 35 71
29 59 30 12
60 43 54 72
22 11 13 28
53 19 24 15
53 57 38 3
51 50 62 66
55 31 35 15
37 9 5 39
47 28 51 8
1 75 23 76
46 55 22 54
47 12 20 15
42 70 1 8
32 72 60 56
44 56 55 57
41 20 40 50
24 14 63 48
35 62 8 36
62 71 57 47
2 47 50 37
47 7 4 49
64 53 48 38
10 65 59 42
25 73 63 10
44 1 61 2
13 57 9 72
28 26 51 49
44 17 17 11
59 62 66 34
64 48 37 27
31 71 35 44
2 54 45 43
12 25 21 12
50 58 61 43
23 6 44 58
36 12 21 46
21 66 8 28
25 47 63 11
19 20 61 32
24 67 52 50
28 31 46 12
12 53 8 70
39 3 26 7
50 13 32 52
15 67 37 72
62 52 65 56
5 63 25 64
25 6 36 38
11 13 9 25
34 6 1 50
3 15 13 32
36 69 2 21
34 5 42 62
51 51 20 24
23 12 38 32
48 28 1 25
10 24 32 9
23 23 39 33
24 17 44 23
40 40 41 34
26 76 26 42
15 53 46 28
47 67 16 25
25 48 3 73
31 6 49 44
27 55 36 31
8 58 42 31
10 28 22 17
62 39 1 23
47 45 46 39
27 18 62 21
63 32 57 67
21 43 45 44
51 43 59 20
33 52 54 69
9 62 54 39
4 30 26 17
54 6 16 69
1 59 32 29
39 42 17 74
64 65 20 14
28 53 4 12
67 60 4 50
5 19 12 32
24 31 33 17
24 64 1 47
27 40 30 64
45 13 21 63
35 45 18 32
25 36 57 3
34 4 62 29
33 20 27 30
53 47 15 50
7 54 31 23
61 34 54 25
35 50 38 14
65 68 29 45
25 59 6 52
11 45 35 23
26 34 58 63
26 59 28 75
42 4 16 74
58 20 8 50
9 42 15 61
4 11 45 48
39 71 23 42
46 3 62 74
50 44 37 66
49 28 16 9
4 56 41 12
23 66 16 35
54 65 42 18
3 9 9 19
12 56 46 16
9 8 1 6
24 74 12 40
37 22 11 32
12 39 25 4
43 40 20 6
64 23 52 20
40 37 8 37
