121
45 90933938714
7 3
31 33036525
14 374
8 6
32 139082680
17 4466
23 323169
20 56595
10 37
27 1750261
5 4
3 1
41 8444131124
36 1809726635
50 2554722242959
37 934148931
20 61888
11 114
49 9095565322152
17 1027
27 2269424
39 16871968274
23 437221
12 269
44 196083116146
18 1892
23 28699
45 487856627280
27 6211030
2 1
9 14
49 3146573461676
38 2383806274
44 59991723253
1 1
11 4
3 1
39 4319268735
26 3231153
50 15681332732281
34 311219993
46 1516235431867
46 1357220043696
34 622434460
8 2
8 15
17 240
13 5
18 5970
21 65475
39 16729827905
49 8299220111738
22 156426
17 8891
40 29756645872
25 71900
22 167286
50 12678473617367
29 9941558
11 60
45 482498745521
20 9223
38 5633320282
3 1
33 248250134
34 571131597
46 347683548067
23 138527
22 122893
19 25744
28 3338337
34 436732217
35 1084920317
39 3059639406
19 21540
46 1526982164536
27 6219737
16 4338
30 14040396
48 3335464138915
9 7
15 1345
37 4270732004
35 831795297
45 252672233900
33 62653721
14 877
9 23
47 1504349442989
5 4
1 1
39 14792275885
23 272309
44 376469252110
9 30
41 63078192504
33 124185815
47 54358563542
30 45810391
5 4
18 9677
22 59877
46 1704998409224
26 2907234
43 185583435133
6 3
21 16136
46 318518811195
50 6966100220193
45 147811439626
35 767140527
21 96273
41 4720187302
8 25
32 78692720
31 76225284
28 5677130
47 431394421207
46 1673591605105
17 1120
