935
18 13827
15 320
46 831482780240
18 4512
48 1629988209519
43 64402833110
21 12341
44 336246581931
7 6
32 157238527
43 134207243266
26 2245136
49 10473046281011
29 23207756
29 17994538
22 125715
20 57268
35 1182983482
50 1354542592145
26 933309
39 12699387863
49 3094633383509
46 656176839846
4 1
15 2337
22 51588
11 44
12 230
1 1
7 11
24 533764
33 24193351
42 70024785255
39 11752657156
12 43
50 19762035448388
27 5789555
4 1
7 4
11 84
19 29884
9 31
19 18093
30 19504491
2 1
2 1
41 10678312614
40 8374306414
29 7426037
23 294350
30 26617092
27 584840
9 13
13 509
29 8343709
46 1391217862105
9 46
40 13986605930
8 5
44 382470773218
9 27
4 1
24 706704
32 122921214
6 1
22 21525
20 62275
21 46269
30 40183219
44 305702409606
47 2957806665687
20 5915
19 26634
19 2246
25 246629
30 33703302
24 34079
8 3
21 24044
29 2235290
43 68173935470
11 159
27 3154086
3 1
47 3098295849564
17 8574
17 45
4 1
13 612
32 82155055
47 3253891248791
19 6451
48 1826727251843
43 236741289438
14 457
33 312881023
40 20704859077
39 3346719873
18 14078
22 135446
16 3291
1 1
15 2013
18 2723
14 709
15 343
50 20807011644183
47 3116182727428
38 7598198479
15 2355
42 1121489114
24 548405
49 6136654419614
21 122327
43 228333164855
18 8880
17 286
38 3263395907
25 959139
28 6544711
31 19978024
4 1
32 14606444
15 283
3 1
36 168564687
15 2319
22 76510
27 689917
3 1
37 2842333574
17 5786
22 228073
6 6
48 1971511432208
24 426946
32 29384673
26 2208495
31 64631395
5 3
45 62455827660
1 1
15 1152
32 141112584
14 117
45 576470655271
32 7366416
4 1
19 24172
46 24648718309
28 6957742
28 8561595
49 2013021149421
41 44675965582
44 156919708457
43 181964501239
43 52323743355
4 1
33 256885940
47 2041787505461
3 1
37 3083083957
23 37354
39 7923930433
40 3210735196
41 45210385814
33 118371998
28 12043199
17 7778
32 36804012
10 16
32 28281611
45 530620707185
30 40510292
24 214131
10 37
9 26
46 1136351651632
44 120425391965
12 330
50 17083961160038
3 1
43 64995780108
36 1048780754
39 2480279107
37 2098718235
10 47
6 6
28 8034041
5 4
13 273
33 47115172
2 1
9 48
43 174538855747
24 894802
22 234289
6 3
2 1
4 1
10 83
25 700193
48 5331626162248
24 60082
50 23089395418160
50 13651700206996
18 13909
43 208732923933
13 474
36 185990420
23 371000
29 5427546
21 20085
23 47923
23 136168
39 15059843364
32 103469242
21 53272
47 2106391908411
31 17770118
7 6
12 315
9 38
12 20
6 6
35 390042812
32 141338306
36 2164680064
33 201509553
20 29713
49 11199112298836
35 285494719
25 108257
26 947263
39 12509912762
16 296
23 433718
44 211815317066
43 10036759858
46 1065983300476
19 7914
4 1
41 34463936274
1 1
24 396708
19 14972
33 289003475
33 286590728
35 1113250623
30 26316604
18 13756
34 263619839
26 2452445
49 4786077444786
47 1822695779382
17 8267
6 7
27 1121162
50 17121722875954
10 80
12 258
19 10458
12 290
37 4177688446
34 385944651
46 166650333073
22 228380
45 686605036511
3 1
18 17308
9 22
46 1438496040500
10 81
13 98
25 784971
16 2853
49 6360076156648
27 4762963
48 682098567721
26 683829
49 1234636749195
27 1346143
49 5702793044332
25 1246945
30 31912544
25 1641709
15 188
35 534430704
8 15
3 1
1 1
42 7060129685
28 3214335
47 2972626149660
1 1
41 20636089468
31 40244512
1 1
14 678
27 517143
44 50458137881
1 1
23 100847
18 9110
22 71539
30 25210324
11 113
20 34498
23 321367
36 2154471823
20 57113
26 482385
48 180976268452
11 129
26 2421861
22 112023
19 14646
33 107039593
2 1
23 410172
20 25443
23 51471
49 6491428951957
19 24614
27 4986316
17 6893
28 9100380
7 2
26 1033711
31 15685962
42 30829817419
33 39932835
31 36613952
16 1731
28 12495585
41 47403015183
40 19160448517
36 1819176847
50 2722312808470
43 100340400671
22 118980
38 4177890395
32 40193067
45 603028087396
34 637786878
34 265382915
29 11545167
23 441097
33 10499452
44 321756981040
18 17121
14 1081
41 6412118917
34 580382575
8 2
37 3938670852
16 3804
46 621505761886
12 283
50 15282675010705
4 1
45 544613117424
37 1345345738
5 2
36 80181001
22 52853
5 4
49 2518489933841
24 382427
40 32097379717
45 510381820320
3 1
30 6514891
26 2893120
42 12492420240
35 913708852
5 3
2 1
28 9823083
37 738531953
8 15
1 1
35 799403836
15 927
41 31578420233
7 10
9 31
30 21143375
8 17
36 1221284132
30 36095830
29 1653380
33 44202369
25 172159
28 531059
4 1
43 34985660051
32 32158325
4 1
19 20623
8 25
3 1
23 320195
11 176
27 1882877
25 1079999
25 1723840
44 429377444077
23 147107
15 1209
48 5894928680946
48 6347720507234
38 3602632553
41 19793262378
39 8544530221
2 1
40 1339711745
1 1
4 1
35 1189997198
50 11821839933504
38 6364196632
36 331835895
36 916338128
13 660
16 4613
34 530268626
1 1
36 2021791936
33 302624590
29 23136448
41 59595949773
4 1
26 99299
24 199036
24 701944
17 2111
38 5955399304
20 7415
5 1
39 16660971075
29 12209621
40 29284488562
2 1
34 597266881
26 1805156
16 1681
39 11292063218
12 24
42 35937537228
40 1217805794
31 69598459
36 1093611830
28 9530405
2 1
21 48301
46 1541072262602
37 3678959244
40 16804926953
11 174
36 75144231
3 1
10 11
8 1
50 21930969091233
33 80153073
19 361
50 13680545924494
31 24746504
26 354916
14 1201
22 21937
45 815558155438
19 4425
30 46890584
7 9
49 10632650997134
31 39367751
17 3194
46 1579897679062
29 11806770
16 3235
50 21071623986642
48 425429733977
13 619
37 2259969388
15 1934
17 6160
7 13
33 72633066
34 360428523
32 26041795
42 61362372676
27 1811452
37 1247669469
13 244
49 10865177075790
38 8692711236
44 137434187802
50 2466756804443
13 344
3 1
32 143369323
1 1
14 1136
28 12501898
1 1
45 108469629045
44 454348463638
38 5012751400
17 3085
24 828801
36 1163582774
23 124911
17 5135
45 399889545400
39 3518206431
29 19142872
44 169750079637
32 53075292
34 263043450
34 125141217
12 128
43 23992145941
43 212797701078
44 376789084932
27 4476411
19 34463
44 162793341130
18 2503
33 56357547
31 53635726
6 3
7 13
29 5527644
1 1
47 2069508875628
50 19672957135602
5 4
13 231
10 80
7 6
48 40520002299
42 107305678243
23 287956
29 14986376
23 291489
13 590
10 52
46 729051949051
11 50
38 1996062334
24 858589
45 208459396460
37 3850355709
11 49
20 53504
1 1
50 20598134037402
14 659
7 3
18 8515
8 8
26 105045
33 161713633
27 1086354
6 4
30 44471545
18 3507
43 78623460290
18 17738
6 4
4 1
26 1790700
2 1
43 24588080948
26 204489
29 21116812
12 341
35 629116380
29 9451275
13 599
22 137301
24 583810
40 3143428109
18 1868
33 96497121
27 4514855
6 2
38 3037953481
41 58655725719
30 2834830
6 3
1 1
23 323941
18 13038
26 2267876
39 7645808058
21 82244
23 178210
28 953191
22 137461
2 1
3 1
12 156
29 19256345
47 2658752738201
37 227171988
20 13306
29 16573566
38 2015002916
2 1
32 80033012
7 11
45 31471594255
21 115590
41 44737724112
42 59898202832
42 12637909988
17 7472
18 17525
27 610928
42 73632836293
46 205418643415
13 80
34 409028296
45 125838711161
42 24964032084
5 4
8 15
27 4429187
2 1
25 184897
12 131
15 942
45 36411669799
35 1227956925
8 7
21 104651
37 4196568282
31 4701085
37 2797366412
13 455
32 130995216
15 565
11 105
37 767438528
47 2111420285858
36 1445606919
46 1166858807197
34 649258382
4 1
11 84
22 193295
6 1
35 684222139
43 194545197826
33 241623735
26 2302193
4 1
36 973963430
24 635046
41 62273522896
4 1
30 42160167
36 451776165
31 88899065
32 95769021
12 134
31 77290891
24 453333
44 339777812235
37 3028631739
19 18323
39 13916862881
18 461
28 2278292
8 25
47 2013768932359
47 921348003011
25 856852
43 172084717389
30 13449030
10 84
5 4
17 3919
5 3
42 106941528968
15 1928
14 274
10 6
50 1123847659457
25 1655228
24 632313
17 311
42 101254270807
44 138577584287
19 2248
20 65813
11 180
32 21572410
5 3
40 7709833598
6 1
23 402221
43 158907465838
17 53
50 22875335297708
49 3422211837576
4 1
50 10262349177773
45 786168667855
11 179
36 1993808540
14 976
1 1
32 22890342
17 4044
4 1
50 5913296285377
9 32
32 55406156
41 33167866048
25 545284
2 1
39 5782052775
33 74158361
46 1191113128024
49 231579075880
13 165
23 36571
3 1
38 4778944778
14 903
4 1
38 7071530934
33 219182280
23 374319
35 646731587
22 233038
29 16451633
16 2408
48 2065606420915
42 83375720029
7 10
32 162836807
24 839704
37 3769391445
40 21442419592
28 10543688
4 1
21 122230
6 2
40 16409817992
23 377078
4 1
39 7932599712
29 16885568
33 137810992
36 1811778806
8 25
26 3012140
34 369803490
35 586597872
6 6
3 1
35 864282070
26 2470377
33 37762087
1 1
10 35
1 1
47 711358694533
14 46
5 1
6 6
10 75
6 4
31 52793079
13 429
17 1747
49 1949898596299
44 395744159871
50 6900179755659
25 1765333
33 293519256
24 421511
25 54796
10 2
44 48092180239
26 1777625
30 14614039
28 8776605
7 12
36 744341662
41 34215980929
11 7
2 1
7 9
4 1
46 1198802245833
7 2
3 1
48 6125486987269
10 60
25 1162395
48 515317414541
2 1
8 11
12 5
27 3464751
1 1
8 5
47 1929046680748
32 166988504
47 834005486830
41 751077056
12 230
9 2
49 435409391970
18 11100
43 46646492650
9 3
16 239
31 38910819
28 6490521
23 426421
28 3852917
45 486842758815
15 159
31 13844185
13 626
23 474843
46 71416213344
25 667852
31 48119833
31 49609860
34 615634766
33 3573709
42 33351887807
14 991
34 263562928
11 24
1 1
46 1237917264365
1 1
33 274311669
33 50713697
26 2338971
49 148723583203
5 4
15 1415
30 27904988
23 352568
7 6
28 7622482
18 1589
16 2280
9 6
19 12774
6 4
42 38937912904
18 10906
22 180081
46 234326849921
35 718712527
9 29
39 6348522169
12 258
40 6392812663
9 6
23 97084
48 4098546061393
37 3803542988
13 601
42 42610993759
33 49455946
21 99525
27 752027
28 5799034
5 4
31 25570291
13 188
8 19
24 270238
5 1
48 5481128526835
26 2861458
30 44301273
2 1
38 7213558753
49 7943564621757
44 401431958269
9 40
48 4648917604577
24 333572
39 5599543667
27 6389852
20 58077
14 1161
21 75677
40 6250029580
37 106549482
21 105415
41 63451016982
40 13100041475
5 2
24 519025
29 19747063
9 27
7 11
19 12517
45 163368542686
33 156757143
10 75
3 1
46 539023923839
15 2251
3 1
46 896528472614
16 2582
17 2108
37 96681262
25 710700
9 19
4 1
30 9582211
2 1
30 7060803
27 1524120
1 1
8 7
24 149501
8 17
43 217392287410
