890
46 521071394987
18 17707
17 1528
36 1508761364
48 2560602316158
31 88661709
13 627
43 215943544755
34 106312823
25 933764
46 118199668007
14 1092
14 30
37 556154725
34 293643561
44 129850241076
24 64819
23 98227
5 3
5 2
31 6205025
24 284844
21 64616
22 153377
1 1
11 19
44 412411746474
12 209
20 47478
23 69332
35 982472051
4 1
4 1
35 648269378
14 254
15 1549
40 25321358770
13 275
25 745157
8 14
14 743
23 40394
42 115882584820
14 393
17 389
38 4277344860
25 1524465
16 1593
22 222281
13 164
7 7
38 6270736521
2 1
39 14728553737
7 11
15 1356
18 15613
4 1
47 417117427664
15 2148
19 4490
6 4
23 277455
26 2911978
9 22
42 103781100876
25 627447
8 19
36 13731668
21 40891
30 29367864
49 9795973273283
25 83618
30 19190350
21 126498
26 1308757
34 140357980
31 49833961
3 1
2 1
5 3
26 334826
42 122089019752
19 32957
4 1
50 12291180521031
39 3554335632
36 1858794891
16 2922
42 97392402726
6 7
32 58003354
24 417294
30 15718213
31 90781346
45 665691030898
49 6663134136494
23 376223
48 714574080072
34 340459737
2 1
12 330
32 121586789
27 5444230
28 8757473
3 1
44 1524600285
22 162471
32 23907715
44 216693517591
9 30
17 8574
47 3127987602583
39 2053801677
2 1
9 42
6 7
24 29489
32 54632055
49 1384491734600
12 220
11 118
28 2248452
43 200458083476
37 4153155601
37 2918389462
23 266086
3 1
16 4623
5 1
47 1922753016171
23 265010
14 912
28 11593601
15 1479
26 2060866
26 2154669
18 11193
14 69
46 1449443190610
22 52102
1 1
32 160515819
50 13072255837230
9 30
49 3653925333820
1 1
15 2424
4 1
21 42189
44 18030119746
8 25
37 3648951710
7 11
30 5550827
41 6498042809
22 72409
23 32905
4 1
9 4
15 1308
27 1273976
45 318306774166
31 18680000
39 6893351882
27 206207
10 78
2 1
40 12105975858
38 4557649501
4 1
6 5
26 1506167
45 578451750988
14 134
28 2964079
44 195018297054
48 2685758437657
8 19
27 4617276
36 1261393555
48 3180436706829
5 3
35 1067362558
13 406
11 16
45 578670130904
20 21171
15 2090
42 79057329798
41 9631638693
8 23
43 20741303661
14 750
2 1
8 13
20 33528
40 18561580752
7 4
47 1454466850948
1 1
20 64900
43 79962131309
11 73
39 8261483557
49 1402490384396
9 13
4 1
25 678934
11 8
17 3840
9 31
20 34590
31 88057991
38 3093989806
6 6
10 16
31 41329524
23 387964
30 25128552
38 469927179
15 1670
38 1840689329
46 218239214049
7 4
43 202352817665
13 665
37 1755457424
46 955552251259
33 253106206
36 99110328
45 108402643458
3 1
20 30524
20 63979
48 3825428373993
45 752280360051
29 22705408
46 35863809362
2 1
16 945
10 69
26 253814
5 1
29 17722365
48 1916599286238
11 8
5 2
8 5
22 87682
34 621147791
4 1
38 1865593947
44 234201287764
31 45372490
32 149124910
25 1276057
4 1
9 47
33 184117966
13 486
41 8974578574
16 2733
21 60145
31 85956702
31 27939154
28 12067542
12 28
29 14145886
39 14398822035
37 4428817324
39 15359715956
1 1
3 1
4 1
46 1194091899659
43 4106899163
19 7074
6 1
19 14601
43 155033313275
1 1
31 18941639
8 24
34 136650958
28 1002502
40 8035715853
49 3453059912581
4 1
6 3
19 4734
33 225977168
39 10332336879
46 383522735969
6 4
21 74763
49 10132769737078
9 33
5 4
19 755
25 592237
7 10
42 47158396412
32 167306998
45 802995733439
38 4641452078
34 161490706
48 3175138530740
43 118982702353
2 1
8 19
5 3
25 322773
15 2190
30 11715125
47 2895319183347
3 1
40 22111406817
42 6341393697
45 782953784216
23 236452
9 25
14 433
46 368184283836
1 1
25 267560
39 9771296718
24 217424
17 1863
49 10633745268271
10 72
35 115937877
49 10469353974811
42 16291132561
38 278496265
2 1
22 237951
8 14
19 26845
20 17260
6 5
20 52388
12 89
43 213494405744
41 10027098802
28 9669124
5 3
12 148
15 1119
17 2678
25 5725
43 205692476380
30 39715226
20 44968
33 9314522
22 179132
12 213
17 2689
47 318827288389
16 4541
29 3253752
8 6
28 4085059
9 43
30 16045112
39 14403943990
28 3751412
41 2234017478
2 1
13 336
47 646782141505
2 1
29 4869289
9 44
49 10216599514969
30 44099409
25 202881
32 17982700
35 1106035533
19 9070
41 64084274577
2 1
26 12002
13 223
25 656632
39 5792423864
10 89
11 151
42 47758637006
17 2963
7 11
2 1
9 47
49 6011037998026
14 85
37 4048398977
4 1
38 7847981686
12 95
33 84401708
15 1049
29 2983612
23 476244
16 2700
27 5117141
22 244178
45 591979909876
47 611511399502
5 3
41 13114357580
49 4642584227336
4 1
46 1528572742270
10 34
50 8993724425322
40 22067824650
33 318970006
15 408
21 69278
21 84822
34 489022362
26 2311672
35 789203535
10 29
5 1
8 23
11 129
7 6
11 133
11 116
25 1440653
43 162391542636
32 41201830
26 747230
1 1
48 1993421928618
23 352915
8 1
34 649431267
22 55666
4 1
47 2277488033949
49 8396477503501
38 7167807599
50 18899354141420
42 69071982051
27 1952665
32 42988682
12 223
37 2516846698
9 25
3 1
3 1
11 177
44 427920126899
8 9
28 3894442
14 1264
22 63416
28 5028711
31 35974298
18 12411
34 634792910
18 11130
37 2926323183
25 1764759
12 68
1 1
20 32992
13 3
23 474169
23 128901
37 1664972949
26 841837
45 14087092559
24 736109
16 1535
50 22719118097894
34 338173039
20 34376
7 11
5 2
17 3756
20 12264
14 790
2 1
37 1505997460
17 7044
16 1447
39 6632826910
14 586
10 31
6 7
36 967621448
23 29103
20 64162
18 6583
22 217004
21 125303
16 3829
7 7
5 3
30 61766
33 112455819
11 95
16 559
10 40
50 15403110505486
29 22243220
17 155
1 1
2 1
20 61591
24 227219
38 8230606033
42 1462165388
26 1510339
2 1
29 19548525
24 837688
27 5705805
37 3502640185
17 3334
14 63
42 19342921442
20 56842
45 408044591045
6 4
45 243489104431
48 3641916663422
33 49732120
27 3809403
22 84627
21 5684
24 448216
3 1
9 33
19 5798
27 4790214
44 100229137642
42 45394262348
31 54928496
40 23645832830
46 220453283670
31 75502291
44 334117513328
50 12337942461100
31 67549929
47 1532551202595
13 109
44 313356353099
40 4162021060
9 46
13 534
20 2458
35 1144421290
30 15620517
20 61048
11 134
21 28575
44 167563401136
7 10
45 38978204176
14 342
32 53524390
13 135
13 305
42 120899778310
43 93142157230
24 292807
30 19833795
24 2709
41 19408396228
43 227688734742
10 1
41 15431037192
47 1586907906211
40 6943451792
22 232963
46 410840539871
27 6246589
29 915907
35 657890795
26 3062285
22 217237
21 113833
38 195180083
21 79403
7 12
13 193
7 8
38 5785763798
5 2
18 4904
30 23350094
32 67541156
6 3
35 979929861
16 1075
21 98181
26 316351
38 1535639256
38 7775427979
8 24
8 15
30 13957391
41 12675123293
18 5405
17 6787
4 1
14 104
10 82
7 2
2 1
10 14
36 424235360
8 20
47 608646214531
3 1
43 197352902126
16 3408
36 251572050
42 78932413086
12 62
42 94578831819
7 4
37 3292022469
21 45630
6 2
31 82042639
22 232413
16 577
30 27392641
26 3203988
23 349577
34 110765302
28 5749518
27 1078361
43 36552754211
26 2459019
36 1570981337
38 6146701025
50 19145065252621
38 75736445
8 2
43 200863930802
48 1523746999076
20 34223
44 372617607676
30 13913658
31 64085518
43 177109722795
26 397391
31 4787778
33 6634761
23 476157
45 412552088253
6 5
34 591871805
42 103894258291
4 1
1 1
13 539
49 2273991786750
47 2657785944172
4 1
2 1
1 1
11 137
16 3262
48 3455083408960
17 2801
2 1
20 44847
2 1
1 1
26 196382
8 21
18 16541
30 46126619
33 235412166
38 455971174
37 2591019532
15 1573
26 2488566
7 9
25 978473
50 22169761593311
50 7404247042824
19 22192
16 1177
17 4301
50 3604368413072
18 15827
9 17
32 95205276
30 10167948
10 60
12 291
11 14
40 22360017087
17 5552
18 3365
50 14265230649150
2 1
40 13923518008
3 1
6 6
7 7
3 1
44 175784559957
18 7047
8 20
20 34837
32 25113627
40 4421620801
25 258336
45 269944452489
28 3756869
41 17426083821
39 16588005634
33 252200816
14 1100
12 64
23 369345
18 486
9 42
44 442481938765
47 183730987730
37 2879463463
20 34480
38 566694520
7 8
48 4486567786110
11 107
10 33
7 5
8 16
41 4583318806
12 2
30 23388274
38 2058396416
40 12912838973
6 7
23 250698
45 839548791122
12 22
31 979731
47 1258132892661
24 533179
40 15170763450
40 22904847761
26 2478073
20 9448
39 10240525462
39 12522840985
19 33031
5 4
17 4296
22 11924
6 5
42 96302797771
10 10
46 1034397022967
8 3
43 130624865930
36 1552195372
46 910696512281
38 6558010551
39 3759010694
29 21728647
40 8424714020
17 392
5 2
13 304
28 4560818
32 50232231
32 171065179
6 1
21 66303
19 31909
48 4525730189442
22 115801
10 73
2 1
50 14926711740819
17 6953
29 17869503
41 12150518298
27 487635
31 79849076
33 238484540
21 96569
13 58
22 28401
29 1347901
31 60892881
27 2586744
8 13
24 209227
32 128894839
35 116519348
46 1393437715930
47 2822696943373
17 3861
38 5708759967
23 356903
29 20436667
33 264498482
41 17912453511
3 1
8 3
6 3
38 6880047675
12 181
10 39
6 1
22 196648
33 100336897
27 3060412
49 4210854298711
45 882256784909
46 1373101522949
23 96402
22 11666
45 756600059016
46 1359264867583
7 6
18 15800
23 354239
6 7
41 33769332711
47 2328651444369
8 3
23 405010
33 206769854
34 271899143
44 72983558626
10 59
5 2
29 7390590
45 11806770244
34 580097987
39 14183992776
39 9013532314
47 1640361131435
31 47250190
11 7
46 640439047371
29 11947973
44 102307442611
31 54163424
5 4
49 8860722416512
30 25667773
17 1097
49 4005849522272
14 1232
43 127829472038
2 1
44 249766236475
31 9955551
41 6985390628
43 211385410647
11 103
15 320
5 2
43 159692166354
33 132665784
28 12599861
15 1567
49 860120029431
17 5782
35 535349619
12 163
33 38664097
48 3021424035750
7 5
15 582
41 14230426944
10 75
28 6948499
47 1086672373771
39 4364594946
21 83962
40 3735138978
13 26
13 625
4 1
21 27049
