358
41 30965525751
29 11215250
42 20250212591
10 65
16 2001
27 2115036
14 62
30 19223984
8 16
39 8435379386
30 18571863
12 269
43 232951319344
30 20214348
22 165382
33 307612874
22 172578
4 1
3 1
7 1
44 319422443901
19 7339
43 177457104762
35 931358215
5 4
30 44222073
29 7313626
32 34674821
26 2318307
36 1436385082
11 7
8 17
43 43144888270
40 3934693552
29 13128417
32 86686875
25 849466
37 2968286424
28 6506821
38 8638058495
23 5951
40 26369466115
42 94954873019
37 1872745475
42 69883343419
28 10823378
19 16876
28 10695315
44 375986269932
36 1079923073
11 61
27 1888403
18 3192
11 36
31 40074948
47 3214667387431
19 11299
35 1196084476
17 4769
39 1121382605
47 1041291208738
2 1
15 348
42 89778633281
3 1
45 602362403507
12 188
17 7646
15 1629
43 139910290559
33 176161062
12 143
14 151
30 10293242
42 38132705046
29 17768570
36 2330394062
11 148
48 279955298625
2 1
47 239366535854
15 1736
35 1110833103
36 1967983941
19 1159
34 17726198
4 1
45 713574030873
24 868258
22 156729
11 121
47 2715200408813
10 61
23 289269
46 848341541510
20 4556
45 168147400098
34 462683195
28 3237636
15 929
29 19809735
17 5048
10 32
15 2488
30 29466158
32 136626275
41 46913943241
29 3954328
36 1146805406
2 1
13 212
46 1384105189496
28 4137594
7 4
32 91327788
35 1215611102
2 1
28 4784888
35 746522237
19 16850
48 3429189049142
47 2554543368905
29 24282897
41 7912164431
16 3044
26 266728
16 1306
8 1
1 1
2 1
48 5827082371522
23 454641
29 13109600
14 219
10 22
35 370278916
50 1287623996912
26 2427069
31 41131
9 38
43 209781711613
44 155229842618
2 1
1 1
41 4374379090
46 1489749437426
23 423551
34 248155300
4 1
22 95454
40 18512939316
7 10
2 1
46 1291807511233
10 94
19 32072
15 937
25 748591
32 121356694
5 4
26 2378729
26 2118478
31 27399418
9 8
27 3725975
38 5397703662
1 1
38 4676010707
44 110264112155
48 4302640586773
12 20
17 6367
24 234697
42 34288166602
25 1136134
30 6481406
36 1738687692
29 24019479
48 3755462139161
2 1
20 30462
50 2138330747334
8 23
11 13
14 681
5 2
7 7
45 155795529482
28 10227275
27 223742
17 5319
19 17321
17 6627
39 15791731746
22 148173
50 22690494962964
11 39
44 419800269294
4 1
33 182126396
28 799208
26 2948583
22 84986
31 41098688
32 108804845
4 1
19 14711
47 331341890794
45 85610301463
28 9796775
12 122
50 2373399482609
25 814540
42 65024597353
41 16676624864
24 152256
21 72402
43 120271892023
5 3
43 94709358965
7 1
37 4055858989
15 21
20 56781
1 1
35 828066467
38 529749342
47 1007810960215
6 6
36 1725123314
34 171530497
27 5814226
44 159770793287
38 1944181633
28 5230091
1 1
20 46520
9 46
38 8134579006
49 8836456507468
19 16553
27 4131896
43 140040643979
35 711301775
31 57215824
16 2483
14 440
35 160705711
16 2172
45 606773893997
50 10307064726915
46 177517810548
5 1
48 3743001603902
11 128
44 268815605737
26 1584626
42 93139623284
28 11287736
32 141486627
10 43
12 254
44 222767737625
44 126274841194
28 4240334
50 3375093769545
21 38120
1 1
2 1
3 1
33 86900080
44 284323597413
3 1
11 138
2 1
45 413348402038
32 114261798
13 184
32 139866251
41 28837934927
25 892349
10 60
18 9179
37 188495680
34 184150199
27 4540717
23 179891
25 930912
27 4889070
36 535964633
13 53
7 3
24 485803
22 40945
32 133683752
7 7
47 1406781748477
34 600610385
35 609082089
27 3107263
29 9857377
10 66
34 101384013
19 30298
17 9118
14 653
16 3567
50 6558604626904
48 1805919826922
21 40598
7 11
50 18367037011064
23 32876
33 215164022
20 45649
26 2457978
44 126539307419
9 37
11 116
19 20114
16 3633
16 341
39 6218868748
34 295777600
7 12
42 18649694392
20 5105
39 17084474652
41 16005107043
7 5
8 8
40 3782782366
41 8933205871
41 8405713490
7 11
5 2
37 3432948235
40 1622301979
36 1322922363
3 1
10 73
22 90042
47 254223329334
19 691
50 11072833688404
40 31993054743
45 732522330757
9 28
12 268
35 445032927
24 277411
13 229
8 11
46 578648467423
44 128024963364
7 4
28 747394
39 310933563
